96383
50988
83738
62725
34902
52072
55143
62962
35083
7624
58918
90529
91108
62909
25945
42465
28846
64065
34733
40697
88234
51485
57904
33565
48277
16331
82609
93372
58514
2165
16691
56342
28277
34908
2285
83115
94255
97365
95713
97935
67697
6350
31895
58202
64607
82670
53173
42331
74548
45562
67933
80620
96363
94611
12739
79808
67824
59933
49705
67577
29348
22203
31194
6231
75623
46454
47007
66379
54789
64093
33377
59497
39200
79301
45948
31228
55573
13714
24283
98035
91758
74094
45910
24569
44643
1045
73765
48354
6318
77940
47456
94594
7978
78598
58037
85624
73351
50365
17700
50439
91532
58530
45978
56740
90313
58516
33000
7115
58105
77324
4416
89933
14320
78625
91020
5125
6631
67175
89003
65448
43393
29971
72968
30778
52760
47353
64024
92413
1961
69878
10768
64836
88601
65802
77441
83333
35
34397
69265
71149
12159
71490
26199
69454
96272
76184
83475
63859
79721
10445
91431
26581
97373
59838
4054
422
79043
26810
85944
33482
4930
40997
33399
36357
50847
67511
83945
24047
35264
35108
93194
61924
95835
35223
47477
46393
14272
63383
47519
67401
75199
80268
3472
60525
70264
73626
65246
87562
40190
60460
33352
81571
35206
13196
75500
16399
29458
36111
39398
40678
86676
87854
64134
6646
74305
30734
25485
83506
98964
90689
4643
12361
38428
54950
49655
54356
49892
66795
1652
1161
72636
59219
44125
81421
66953
16370
66757
80679
3334
31477
1773
57167
45236
30910
28667
17061
38
94093
16595
47773
4386
77627
77173
73528
50452
42560
6738
85071
9141
76724
84236
20905
43027
34162
87434
96075
48958
6905
26037
99727
56175
45292
55089
56813
19668
7545
74811
73397
36956
99959
57916
89087
6300
90600
93479
28346
77980
510
45653
48673
62337
634
6586
18252
92087
97903
19491
88002
25178
14597
10383
47147
27585
94810
65095
78692
9032
79875
30395
32460
97529
51408
74459
41019
73174
45293
10863
90067
33702
10020
78195
46798
36954
8128
62162
58103
80570
39949
68477
38484
31536
85051
92840
62305
27185
48066
72226
93464
16259
55423
14704
74668
76752
61820
19108
47126
64198
55341
38175
64358
37831
119
59072
83387
18836
875
13031
90189
81009
54352
6827
36423
8917
88319
54325
19955
88145
34951
18391
78382
35034
33617
34284
28090
27989
45503
54508
11218
18174
89229
43404
85656
89972
81241
45521
71722
76260
32318
73679
57556
89777
77820
69058
39999
41469
57620
37032
68774
32791
33135
61977
37097
73857
66878
48388
43994
37596
55100
455
89525
18514
57104
44650
58733
25856
40943
28633
86113
61278
43710
19004
43822
15757
43637
7893
3966
45692
10655
13782
42238
46806
96445
73852
36909
42763
57994
96812
67632
41401
54777
57800
6818
32760
87579
4301
10825
31583
158
87660
36516
40854
58287
74692
52000
42169
46047
94041
83594
33893
17347
18899
7583
14562
39861
88885
23519
38861
19256
28183
62431
54433
11257
14211
49022
95490
3634
86473
18159
46501
82504
34271
75221
32319
59060
95289
7630
65001
89630
21569
18694
63021
84772
60434
70764
61167
12251
40343
20513
45467
20717
25243
60237
80871
69696
57260
8715
31172
19320
37778
61285
38055
93202
94246
90010
74286
59345
79376
93468
84465
79958
75169
61590
23271
2984
59337
32074
8466
49619
15222
37177
15592
51148
99755
48604
47934
61875
73144
29135
71347
86513
78523
34669
30679
12929
99251
31255
69175
4075
86909
73901
25893
82891
1134
36127
95720
26256
41035
87069
35869
77729
90567
13867
83497
97050
95098
18736
72828
35700
34491
64590
28099
29762
35482
85100
28683
81143
12284
92782
55533
82085
8116
85510
97306
10689
74811
55076
67972
98883
66539
7081
89734
46185
78142
75705
11537
5434
64158
99535
55509
15144
6504
57610
78216
63887
68738
8133
36566
12602
97781
57509
90341
71076
21993
1003
41827
58524
86236
37769
15054
98146
34207
81393
46624
13775
29965
21961
14133
30065
20297
3227
84379
65139
25843
14281
54581
83323
38214
20510
93451
56172
94577
15071
42866
57068
20816
90112
26772
82272
42374
84243
42107
72788
37369
42779
41471
79735
86794
23742
2569
75938
43504
22521
18755
21497
97840
63598
97311
99626
84411
6969
72257
66707
97060
60576
31209
53824
40604
88456
62177
30482
85644
548
8671
49595
43567
85513
567
869
54761
93853
37729
63698
30695
72045
53442
89310
1044
542
95770
3553
77750
77627
40137
2865
22819
67245
72286
15013
24899
99849
70462
50324
43523
13282
61933
49947
95059
99456
23100
3645
23069
77545
70960
90405
32002
1435
72651
10151
75507
58459
57625
38820
34953
65160
71096
5292
74017
36393
21669
46334
94488
68197
87423
11243
32798
86225
69818
76377
79994
98499
227
49443
29978
966
94763
61181
33109
16230
73458
12214
67456
19883
83249
2326
71337
85379
48803
51687
32435
6840
61457
41200
66798
52033
81657
22715
7474
91603
48570
9080
79576
46840
31743
45723
15125
75096
28773
98977
70740
86772
74827
29264
75951
20178
3637
5116
10
50194
90749
41285
33772
25310
79894
18270
99482
86880
85182
86057
28626
1710
86400
19613
12929
63265
14883
92106
56609
2660
84755
78035
47027
1383
98058
37113
90517
7858
72730
10745
54400
13143
95322
72588
24672
59904
97130
98893
47184
95528
97220
20215
47090
550
79873
49260
45385
92451
79781
37778
45363
97132
97705
82647
75142
87428
1987
57014
26981
65041
3124
34386
4862
1910
28462
50495
82660
56321
15423
20992
11685
8155
44446
9034
87975
48541
68241
17160
27171
15906
33529
28536
56862
15415
21498
56915
58400
78542
299
45769
56179
64434
61846
66506
49562
12341
96749
4930
51499
69861
99146
74620
5227
93886
18176
38855
49892
36441
11331
44054
77285
33697
28881
61376
98486
39078
7004
48968
33335
17035
71957
16280
52
57529
5750
62950
34023
60503
61963
53337
23114
27601
48414
72068
88983
18549
33438
70160
73310
90429
81740
42265
99650
36774
45346
77775
66800
69279
42848
58780
78941
16925
51860
48581
33179
13803
76965
53930
8472
10719
76669
9255
2228
27976
49680
78013
75644
33987
12141
86987
21736
82765
86112
82933
60813
78995
11265
84647
64127
19301
31485
563
91783
96745
98270
11190
37245
91115
58106
88600
66691
45298
41141
34770
50269
41614
19956
70442
23504
55214
61087
96730
33910
77262
17074
82319
98043
92589
52737
46701
96120
20764
58725
15920
25385
40274
24103
7533
93645
73469
49159
98551
39002
28468
52393
71741
62938
45799
13533
45264
96550
72888
84778
89475
86941
16802
65079
32651
58145
21559
87318
2694
6606
60169
49516
38072
46424
92446
86753
67280
12672
39974
56961
47817
64882
8232
19820
35148
6910
78424
20448
69939
12273
86342
78593
64072
81392
72720
13731
1100
15729
62039
57140
56852
62613
49230
84488
37646
4262
50479
43681
60865
84489
53993
24603
32626
5247
16212
9426
65091
12222
94756
78385
46198
75623
70043
7704
15631
39204
58233
44073
22359
3968
71535
43279
12445
76674
54482
70027
3191
2823
57482
99228
9862
32092
96074
20586
85911
99765
38106
38320
11974
70957
5327
74436
89085
98778
13437
48131
38811
19788
1859
71422
26639
44930
36068
66715
40259
28360
78902
65354
88790
32977
89395
17189
36898
87950
2605
610
98844
80200
29311
28600
27513
6079
20414
47724
80493
74367
8686
48119
92527
34492
33937
93045
95865
88619
55258
23373
96780
74044
21056
50552
25328
25495
13582
57328
11416
87090
80951
32886
77956
30668
21286
97056
88928
17641
8340
94461
8202
34507
28147
68006
96817
62889
69607
99203
87993
20782
52596
54807
22554
23185
84371
84298
37224
64525
71582
28593
53230
69404
13963
43259
39412
85685
38485
53306
30847
29950
91189
24813
42935
63280
69872
5830
91108
16486
33834
64220
54930
12129
20024
18383
24851
33660
63923
33364
53635
72582
68104
98972
95431
96513
8269
74789
36975
75126
38734
82812
92154
83411
92709
40429
53753
62339
89064
52362
59244
38856
19356
916
44936
69015
20392
60392
9690
8207
1604
77353
90533
35928
86064
5702
23335
12437
62753
48903
92537
56037
31478
91162
86902
60027
85257
12852
26867
33464
13921
33766
14028
67650
52100
7646
86048
92835
26121
23254
76146
95457
51499
68862
96433
54293
53146
89409
25617
18826
68236
10198
62232
95124
84881
14982
8405
53579
90820
98932
88202
36258
85789
79918
34058
51272
7747
719
66557
24539
30207
88366
98401
6531
11755
34278
85355
32882
21834
43075
48523
75766
23569
54566
39693
17977
14563
74005
22812
8054
99322
73474
65857
91735
78049
49526
23593
27439
50239
86586
12868
30545
60717
67490
874
50700
68553
62711
96952
76707
33667
54111
84280
35373
1172
57322
56543
25318
39183
13660
95855
49808
4528
17138
52541
46570
92144
64563
44845
56394
88731
3060
51833
39194
85880
17224
21105
41325
41159
4739
14940
47325
95082
43017
46236
51906
28986
21143
9328
28816
5082
50445
10963
87982
77352
19671
11681
81358
65040
32311
55066
16014
7419
83953
32095
38730
20772
98227
67609
2620
69899
73758
10810
89202
39363
13397
5243
88201
5510
51041
63556
68395
26824
89598
426
75939
36648
23942
30674
65081
21123
96856
97812
49678
46531
9093
987
56629
24597
59415
12648
10220
5209
91741
11254
83894
65586
96663
69369
33207
63964
22107
67840
43
60317
2146
4409
55427
26580
32467
17811
86269
84590
25353
19135
79807
7128
61411
71248
16815
1455
17864
65505
3634
57843
35700
25462
55615
14618
24452
57562
19615
85888
5114
28775
14180
64796
68589
75717
81891
91470
72977
82825
44847
19925
23742
17823
86740
21533
69408
43298
29164
89813
59898
80680
96033
66527
81399
79771
24736
22112
83151
27330
95990
65751
17586
79582
75466
75371
49268
75920
14262
39004
44725
24632
24451
16508
23723
73400
6113
98519
89391
19223
40544
55469
92609
44705
8750
26752
13177
79499
59853
73960
57771
87573
53711
4868
22
44073
93169
99020
6889
39263
84017
33602
87346
69987
39886
50374
29989
89934
91579
52360
91333
52176
18143
75096
63730
16112
50284
2426
29135
57994
12377
56982
59822
10711
73822
60107
33947
90603
96620
72100
4802
58743
97895
98274
15998
19342
46818
75640
36830
33957
43189
55702
15318
58580
76092
5053
31936
76729
70959
82322
81613
56635
633
44782
46412
46316
77752
3665
86996
1480
88401
24950
57426
19834
3533
44770
28106
61854
30387
7542
59724
39137
4899
41700
33493
45604
85325
57119
7391
87072
13036
55851
96678
57475
89058
11539
86871
21464
67120
19385
79703
14117
90034
22472
5485
29358
52278
26661
60045
79351
70519
18788
67106
21414
7610
80919
855
36039
44964
26785
6243
2121
52822
78921
59727
63174
89862
64618
22500
87872
63643
79335
99446
12230
63525
80988
10695
4566
61398
40847
31769
52156
35201
27525
57940
11833
50509
74802
5872
59391
18710
46728
11840
40248
87297
44656
31035
13222
54138
6999
90184
41286
41900
56927
50565
54190
90812
93783
26196
41013
6178
33765
8675
39410
52356
511
12438
30652
60657
40249
99251
54832
47223
72696
82602
49009
96386
78789
29311
63818
21906
98398
6422
38607
9367
32870
51641
67778
98252
63741
35497
42545
93165
88714
18718
75708
9686
62356
15613
81044
7225
43472
37013
58623
47516
63765
81078
71256
685
54379
43311
36724
61602
15394
29698
69023
97553
43327
3526
83973
20777
32081
67160
11820
65196
87074
82976
44126
14857
3625
39515
35013
43034
57660
18058
19727
919
78658
18838
40818
43892
65798
60510
968
48382
93896
52448
88283
398
51726
71840
18908
43783
61368
78007
2956
18386
46865
23482
30974
34611
45953
2086
53364
35335
39104
17797
67205
28060
80900
4320
49569
37998
54747
60322
54347
70234
66836
20420
45349
72832
77240
20090
78506
53882
65558
28409
2004
5619
4380
31683
73277
77862
22370
77137
81539
74836
25248
20059
87557
88897
61919
41095
5706
82220
79181
22476
5057
36425
57162
47042
50178
27549
50688
77385
27636
65494
10671
60690
69544
29988
40454
12269
73538
23127
96398
53904
97751
55734
51200
26816
21138
33273
38391
45439
48945
12004
1568
65363
36781
64705
60398
8015
84823
57337
57930
22176
16541
70766
46151
53270
43819
93912
47923
58701
87087
42778
49194
45847
53333
15744
55461
29703
70417
60184
53072
12445
91515
89066
1817
1417
90259
3540
84387
94430
59430
90215
96218
16948
20842
5592
39553
74137
89635
21860
94664
2230
29544
33251
70874
14426
79839
34567
20466
14085
90821
29457
97037
37907
46890
86896
27770
22467
95609
49464
96846
98946
7797
37435
48853
93529
38814
31398
43811
30192
58739
55099
9576
39773
24178
15046
1633
27661
90267
6814
35051
6670
28018
98490
86355
35927
35267
84621
19433
18484
37472
68639
44563
74961
44166
21450
72798
52866
51294
85870
31343
66862
77727
3697
84279
22710
14640
311
11653
80837
30667
38777
77269
53781
6974
58565
78406
81467
11371
39954
54410
91697
3630
9758
31350
45183
79711
65927
24729
53797
91693
69570
29930
27110
47435
17723
28569
89940
23271
64809
65384
4821
58581
37901
33587
45071
96362
32711
57098
63093
1700
86869
34367
89646
66439
8585
34938
70622
47426
65734
14507
45203
93104
12183
92727
28014
39035
86764
57939
59980
21947
23954
40975
69233
55515
77037
87497
51536
93948
22196
8674
78904
94932
28714
23534
80766
558
80052
31685
14275
86709
68028
44246
89059
10923
11137
15323
65914
65139
24057
2152
71090
97551
7556
13949
87693
97059
33166
15579
23435
70968
14560
1011
8057
61885
72388
31994
52694
95144
3891
41977
16163
5530
15068
13184
59559
26337
17140
43547
53596
82199
91509
64124
25721
99175
93365
99800
19805
95408
15363
65550
55349
86530
72991
84321
25482
61349
59863
65479
16618
38808
65114
38171
99537
98519
34619
38957
16787
72502
73860
6297
2409
35211
98644
47028
3126
61704
4727
93538
9813
79397
7488
25413
9249
61020
3589
46288
12320
73582
38871
19962
17997
33635
86141
69454
1025
62767
59372
93727
42013
8880
6405
75609
3702
33715
73259
82643
59933
62070
48799
84512
36458
45064
76218
11076
72005
86829
56806
74148
36592
37918
14585
75446
38868
12781
99312
14648
50183
18597
20996
42268
41847
1904
11115
84449
89782
84563
53165
64413
95105
66356
20769
33590
15854
33020
62980
57648
19954
30775
86646
83776
67949
50743
24113
3743
20979
87129
74566
73947
58519
42527
97110
43943
52406
2876
28745
35251
26909
25167
88015
59734
73943
46055
81329
76551
1111
37988
10419
98380
36159
41150
62280
43145
11723
34879
59282
6266
47805
30123
42229
50236
54150
90720
80054
5701
12333
50424
20853
55508
67679
97163
93028
63427
30931
66930
32867
40793
49432
12454
52634
81884
51070
79175
37426
26307
91518
69337
94000
33098
47399
58952
16239
3935
95110
18284
80345
33561
32049
86535
94977
5736
8400
67723
61856
30439
64328
96090
19851
4590
87845
55301
90893
54980
1284
87765
88486
79986
3931
72232
45440
50323
5061
17427
14377
66599
77357
5415
37458
35111
84694
95278
63843
3666
51140
93172
65944
66086
60555
32610
27933
84139
79123
58085
84065
73129
79012
4845
61402
87994
19924
78674
86965
19449
11306
26289
29879
7929
5070
93845
30710
85907
93295
56976
89837
98936
38064
46600
80320
11877
61264
90959
89004
65044
51732
54538
40873
90958
34228
59251
1728
62718
76575
73690
96771
26977
56139
47782
49101
63418
39293
15673
83000
81474
5041
8722
14452
82236
59623
22380
77642
5222
92906
89732
54158
47116
48222
27704
59578
78487
81989
29418
46253
69027
78990
65412
9215
91470
38492
86837
87871
15403
90638
83449
77228
20503
96368
51159
18284
79555
98557
70085
15980
2031
2510
9542
54357
27960
86692
53011
53127
70281
80686
21143
95957
9837
80023
68019
32669
55364
23856
39235
4705
83827
75861
36152
36647
37174
30559
81732
69769
26161
33286
52469
29434
73188
77968
7160
78070
54588
7994
15327
38085
54758
15457
69757
66860
25855
51917
23053
88303
86984
18972
25427
36487
37685
67559
15610
81404
1155
80755
5021
71775
47689
42518
5825
26951
80264
72643
47871
22150
30172
19668
63840
43623
81973
85235
32449
7750
22399
50213
77653
80811
32700
72691
56874
41829
67124
24087
31523
16319
66723
21823
85893
60450
84496
69249
4270
44935
92414
27068
63263
76023
85052
74662
22682
33345
9655
44023
52166
42967
30511
89713
74127
10181
32134
15915
18859
17838
7061
78008
5975
31333
53081
18457
16224
36518
23115
4220
89918
58991
47917
51566
90747
93598
73951
95844
72081
28936
18674
14978
28016
67602
93268
10823
58079
9744
48906
25813
20411
91864
6972
75840
92091
27522
44873
36851
71603
99774
40155
45113
63607
14866
7830
34894
89463
16719
19210
55427
3497
66767
83112
40488
61029
67757
84498
90649
65161
80000
27946
27240
44349
82869
68556
37955
35697
10505
52824
50721
30658
99680
16839
4142
3131
2181
54303
97456
56152
88222
61985
63702
61638
54442
58816
37756
35335
7674
56460
46365
95569
81418
90380
38550
80790
94395
78635
71667
63966
40238
47401
67128
88144
3614
35153
15278
43920
14651
97355
7016
31874
61823
28648
79985
60460
42062
95739
92275
60250
76527
34407
32390
14331
19233
85779
18132
26185
71484
77211
90021
49766
50086
52608
1356
61473
32174
42751
51501
54520
18504
77246
67913
92344
39973
70563
67464
16863
29902
66879
71265
15075
3966
56456
46185
73931
92890
47396
40885
18651
23789
88065
96334
50157
36740
61857
71601
91003
14018
83123
92639
21689
41985
89789
9256
81950
88422
84469
35663
80388
5279
21007
60537
1957
82492
94928
27864
46373
66408
55714
8111
85999
65474
66272
78209
42615
37660
46673
22586
17407
38575
80049
21465
34069
73049
92779
79320
11258
96980
26371
59514
58589
50420
68335
35792
37957
25885
4774
35720
61230
5279
23217
85459
81002
1167
59198
47186
80681
63011
54771
38172
69171
11945
34495
68493
73586
76260
51724
37038
49133
49701
85905
38878
23951
44930
42820
26522
4231
52693
22637
15566
296
83348
3829
61720
96656
79656
51709
7989
32869
29580
86507
31946
63643
12548
59423
35985
70835
87063
81156
2526
29310
24907
21507
49133
18367
22908
9969
61514
16174
20248
23816
62333
85656
41754
52499
48240
35972
95521
90274
87870
6416
2028
40574
10457
28890
48084
96246
70648
37372
7014
45368
37404
16974
88283
76188
13981
51727
10198
53178
76149
85278
36570
97180
24553
38818
81381
98765
84720
8938
89325
42225
95553
56175
50582
72654
16317
59253
63181
67304
48246
27408
43684
85547
47675
58980
64873
15745
40385
1860
28869
7459
83055
3836
2671
96204
52038
15018
25610
84938
18347
69543
79394
99309
74867
27396
50654
6978
72874
77231
81058
75385
74207
25461
35173
57281
87472
39361
38729
65814
39245
72099
85596
67921
71851
33932
50986
55134
71976
63317
51165
49067
89302
63615
77682
1948
69735
65429
31609
11771
45235
8941
12233
41164
30728
48942
50109
78111
83470
40492
45935
91487
57269
70318
9040
82119
55902
72113
16097
50452
69860
56197
3729
59958
40549
98485
18995
5888
36688
12132
83802
42079
70157
65907
66420
54983
68803
58463
43329
32616
92874
89415
15407
4703
81998
9131
69236
31626
62620
51055
48742
60180
2604
99679
48954
11438
64811
58062
39703
69566
14020
32727
16662
48369
33099
58660
27705
48300
68774
50380
50565
76864
82072
26166
33885
32444
37898
45788
84348
15708
74552
556
80367
33887
83798
76456
75533
85015
79613
39725
38995
34810
25879
33136
89504
1557
16034
324
85738
95839
60260
38809
38812
27435
73451
11998
7757
63640
55615
59591
87421
75171
95783
45513
12718
62428
97365
87778
17309
39094
35727
85686
55035
11895
75707
22229
93389
16527
25126
40120
46556
72006
41425
72713
13946
69934
12888
2978
85554
87704
85120
18062
49674
47234
48989
94061
43512
23790
52541
12019
25566
50221
55573
68879
56355
39706
72741
79016
58544
77604
5514
88739
62947
21635
28705
7874
82131
84780
3507
67271
75394
99199
45537
84407
14744
80702
36173
33753
49857
12312
18210
92797
62245
80899
55970
26137
66399
1191
66090
35823
92701
76983
70563
22699
50100
66779
71272
79335
88604
41545
78351
51441
23087
6707
37110
24421
52986
67705
62764
48724
5853
60383
29369
47558
59685
48473
15306
94971
17763
81218
28221
48173
12297
57005
49029
29617
49728
11474
24891
96029
71881
12458
55681
23139
68846
9718
73492
58459
30500
30073
37965
93951
76192
27143
42132
1936
50355
4245
59651
93847
43363
45135
62386
11461
41063
12552
99523
1659
95838
68076
30764
54118
31821
36210
16829
60930
30067
79725
41581
47455
12683
58754
58598
59681
94878
30611
91689
32001
46754
15546
25983
60785
42579
59729
43101
84477
81355
50126
91955
84365
16385
61453
33649
37927
47708
17285
99382
73329
82835
42044
32631
3860
31554
26102
69193
74716
52650
28585
33387
61211
9542
70604
46258
35470
53510
36782
31506
25112
87466
39746
38022
24586
16445
40280
19421
88644
90059
77479
96577
46741
33024
80071
84549
54877
56798
31099
38282
48916
33050
26603
21358
50788
80308
57455
39410
44945
34802
84424
87302
81977
60728
72585
90579
6519
80933
33490
62980
62497
17037
8349
37426
22609
18830
54737
60875
30624
79634
19316
43646
40110
95553
69278
33798
13983
86207
31048
24177
3903
84393
11907
92043
65510
81191
11429
92044
54135
9775
44639
59130
22114
17430
41258
93180
89001
23027
97343
8253
88224
98514
52165
6457
60206
70866
89509
23207
50800
27484
34266
76355
67612
35136
47845
85367
9570
95694
65117
57093
89007
23565
76962
65684
68299
67163
54834
44404
63043
63810
68533
66927
44481
54131
18195
87215
36535
86946
44838
9510
79578
69566
45514
86749
48491
21931
89840
77981
10641
55070
4850
71700
68994
65204
61761
45892
54049
50607
14490
25326
93440
46319
5111
45270
9895
15305
93665
12339
30637
60006
91555
32725
68899
16154
27386
49075
36272
58430
36777
61233
24823
11533
2601
93738
51509
41208
68414
53920
38982
15559
49348
79741
1031
76397
69480
94500
47606
77702
75987
60665
63221
10576
45953
17706
33646
7011
52848
30329
96272
99725
70740
93447
77016
63310
15175
68062
3051
42638
17726
56123
9663
52758
77591
92310
21178
434
50445
80143
35570
84512
35630
727
94675
15637
70756
92760
82335
92973
97904
38402
58671
85676
99573
33779
58712
26742
37520
95970
15081
20168
75013
95369
58577
14737
89332
84236
6205
25680
84875
41098
37311
25355
91829
18751
80938
53097
77616
60595
77658
88493
97308
6755
368
66447
87439
18250
39867
39288
52646
33611
69938
7962
15702
21982
76158
42859
55905
98805
24021
15708
98019
41673
88481
87962
37580
64742
30207
45855
89384
84783
97346
50454
81242
23504
97720
10570
29671
50591
69381
55401
67151
28429
11211
32506
36086
85966
68779
28024
33152
84003
67717
33642
11868
96768
46716
24577
72087
56575
57013
65517
53041
12193
61085
34524
42317
97692
95754
44272
93601
2565
55066
7900
43342
68187
94968
88475
36585
95854
26269
17933
74776
1482
48786
76878
94168
55428
22708
20181
731
34879
86193
4870
94159
14715
55854
61428
1785
17148
26251
56983
25697
27218
34110
78565
35207
2634
32860
66865
17459
38832
27958
74365
72394
96127
64832
24988
51581
39303
5389
8137
91547
26874
99510
57181
89318
12243
60025
7921
20547
94467
58654
72689
22795
16185
4789
1529
68159
8558
97851
48271
12440
67498
81916
7836
54716
26550
16306
81000
36460
61503
53867
20369
31931
42755
37833
98856
47354
2364
16834
80648
76654
88230
38216
50996
35042
4527
14083
6699
91800
62074
3578
99371
69403
96943
57425
13215
13425
39843
32333
9510
28588
61983
18066
54146
27391
97392
60429
46201
57614
34826
73901
41740
38558
95993
51308
90514
2123
34086
28556
65168
23641
88899
31869
1847
68962
3059
61339
35546
41005
7257
82036
15338
79584
41563
40582
87856
96748
1042
57927
13670
30695
60017
4830
53778
4855
71568
14447
78304
35658
64372
20885
25595
69603
1724
66599
872
88207
14827
44157
82111
7861
85901
23883
39143
34155
28839
52652
97037
96805
57152
77114
64449
22537
7750
78618
92845
70590
30430
23189
5170
36771
27500
43424
14209
17244
37594
59357
33202
22502
38633
49978
33893
38796
59602
24183
40755
12146
13016
38758
21295
25231
9036
61035
95231
18295
21819
31267
79057
96534
81304
57440
98076
74297
61474
86610
98740
1991
76721
32258
47785
15949
29411
77944
37853
8662
40381
50076
1344
3897
27872
9817
11338
76
15658
19166
64276
15927
22982
32382
62611
70435
11281
48535
32882
49106
56714
67791
95851
2696
14133
49051
33025
49894
26507
56730
29437
4663
61666
13437
62371
55332
79637
26762
12433
23170
90768
33014
19060
20491
47834
37615
56230
87594
13470
82588
11368
4592
62680
75964
24247
90083
31001
23371
22094
60246
67191
44995
54137
93364
86836
20095
99729
2838
82602
18235
95288
81780
69232
37079
83571
1688
81515
87034
41375
23406
68179
85747
58833
86807
5856
14235
39662
69917
31378
9751
41380
9057
19610
61241
1027
3408
22089
57381
36540
14228
51218
99633
23348
3335
24158
86182
47076
65890
13485
89348
6385
92531
17572
11137
63971
34413
22551
79954
60804
97305
15091
15426
47671
86795
22312
25151
20914
27407
46514
85108
21977
28546
16292
98833
47384
48413
23792
83687
10653
7756
76436
84751
54608
83678
93860
73098
4720
71092
99279
57027
95404
36668
48753
29489
63194
50647
45110
93753
21847
25078
48390
97584
34268
34660
1425
3389
40281
54909
57431
28797
53425
21628
2612
93632
30001
95473
6375
52305
89358
40370
62558
84276
75482
74600
5632
40135
13859
46346
72854
9066
65608
12840
25847
56347
96889
85182
36142
98075
75466
89640
3018
71916
21971
65460
48802
94844
47303
17138
49475
62651
28847
63017
27223
15847
23523
45699
87284
73
83588
80489
45150
56920
8857
69129
42810
93948
39075
96339
31152
71053
59999
32899
10907
60154
6744
48057
73329
87941
52263
10245
3914
56299
89832
53213
74031
57666
46106
11281
97696
49211
53618
25429
17089
4550
45244
77117
20386
6677
2224
48584
73930
95929
96845
70451
96607
54408
58005
1550
45237
3232
57508
98796
38929
57798
17261
37172
73208
97831
91155
116
48248
32672
41538
62101
75923
65720
24904
66793
96100
30922
19539
27873
84560
31489
99911
85755
67946
69309
72412
95417
9250
46738
39282
96877
46155
36367
1170
34288
69991
27516
99939
54898
33426
12572
59878
49739
47944
60978
9486
29040
36820
63200
30879
63906
61078
48267
23810
76000
42959
55802
19138
1148
13740
72829
58886
28267
86829
89003
62155
6166
12337
41347
39037
85998
2752
73236
72563
71900
41172
58264
2692
25302
21413
43675
85321
92686
1424
54554
28145
2949
53155
51878
2043
348
10823
11911
83347
47147
70827
47293
66540
84522
62633
42754
25174
2028
36183
87468
21853
91148
31084
19342
34590
73024
38732
85246
58790
34282
94770
51121
21928
47470
2906
61474
14203
57949
21352
74834
90542
3599
87352
60458
92937
17904
47811
14332
84737
96753
68554
8967
87735
27199
47554
14008
54127
24785
93693
15182
16008
27610
60529
67158
29948
51711
81511
34229
26613
89795
21090
43172
95562
75613
27209
67509
77557
95403
77107
91284
84147
59968
97358
9449
32279
31160
37548
9306
26379
57805
10443
13262
32804
45826
54847
8556
19136
66844
33279
24353
83711
62641
24488
7296
75995
45880
76850
49411
45510
7424
51053
50832
31391
32157
41463
76504
76432
81341
14557
4505
19751
87960
74443
11522
79086
70630
41138
56598
30537
66442
27445
99402
55084
53932
7888
21129
83862
63333
22246
50232
53550
67091
34342
4691
32057
62988
34104
70613
98261
58800
30953
75671
97910
30647
26353
39568
98650
96233
44445
73338
56810
85548
53406
28181
90223
11288
44782
86469
27535
29351
55354
61943
86115
34120
72752
7521
80054
99122
30342
93862
27164
93526
71684
18841
87212
67917
7408
86201
31420
8592
71732
63035
21559
9031
83086
85830
27582
6361
66036
74103
1944
39778
90401
47396
77271
50274
39361
1150
90249
24914
36213
17807
75863
92242
40067
899
46974
95166
74845
66372
81575
28895
65068
22045
7973
51037
9561
70752
46923
2866
81239
5314
57959
98778
17361
57764
38783
42695
24812
42061
29319
16081
97624
8563
37563
51306
26552
58105
15231
59631
19756
75506
79057
63130
18839
8292
21992
67380
18226
38727
19371
68041
74060
72076
36400
37556
81596
4507
14095
40697
7813
64660
39459
97201
82020
39991
69949
69472
6073
4224
40996
91010
85808
32810
54253
19684
82699
70260
51954
75376
83278
67104
86290
71232
60614
15736
92166
25043
17046
62284
34651
42205
512
60502
78545
8408
85197
5983
60687
29401
85657
68058
42944
13214
43230
93709
87822
29251
93947
77329
48313
41203
31328
66991
86804
51067
87257
95338
97469
30619
38293
57211
89559
60950
45169
78839
67622
14281
27110
73678
45190
77144
29676
58828
87304
42564
45417
16674
75593
1945
28347
24095
18065
89187
97629
9175
79557
8128
58681
98086
37066
13393
88042
2414
62999
6954
30989
72059
54837
36393
45796
32008
24118
4963
49830
59067
90286
19962
89863
52011
66707
86730
82271
56162
51821
47779
33081
1821
64057
66193
70842
4848
64352
96215
92556
86214
1327
64123
31431
66214
4947
26170
76507
99410
67730
15772
25595
47241
76201
96802
98185
68684
35070
80636
71387
35326
18433
50167
83719
43524
28964
55220
8785
83340
2291
17203
19661
42217
96978
66542
28978
60092
72563
97890
28958
59567
67152
74568
91296
96956
41866
18371
47654
64746
89471
80529
77027
40695
43202
67812
90172
30033
16314
17611
16592
83518
1432
64105
50370
88379
20310
41063
58500
29249
97193
67397
17090
39972
23427
5003
97032
87638
9416
81118
21808
88745
33354
46319
61932
29329
17155
22509
28780
38215
63630
99738
13997
97130
60995
55355
32959
60543
35533
30345
89008
95066
18506
83653
86938
20405
34430
27657
58246
30173
70932
36473
98108
40972
99731
74008
64489
30928
75448
74774
34315
94507
78326
17703
1467
66644
43526
85743
48759
55226
95405
98554
56715
64169
47977
49672
31611
13157
35927
6981
79152
31059
1348
82999
36445
20279
99277
98416
29645
2040
88598
10884
33548
4256
22692
91988
81134
25632
46968
67816
98783
28496
87304
68444
22023
32883
22395
3569
35193
27897
89536
39940
44666
7998
83307
74268
21033
67087
76270
87517
34671
97965
92017
55289
95011
67435
65773
89062
80666
90418
23114
74379
14634
55043
78195
57460
41338
62044
84819
21701
38344
55444
8494
38858
22678
78592
65694
15085
54097
33720
14185
51969
35232
87828
42843
98044
20422
69711
60293
66465
25683
48590
71730
40251
57549
77946
88962
12517
97399
488
80101
16518
16475
19834
48565
3131
67545
47647
83184
71533
2956
89301
63601
26145
40917
87343
49674
98542
86887
27185
39297
39305
51598
31480
79172
83356
94556
67671
4105
74613
79026
62556
43270
20026
46919
67536
34857
37979
64728
36766
9462
3968
64300
79019
70716
84481
25539
16515
44050
69684
30778
8373
19603
84833
78462
48916
81714
1426
26283
55422
45404
94950
52095
19674
35177
49381
3135
88474
70142
60173
80422
10656
40643
13834
83750
54429
93564
43781
1468
60564
77670
40243
66037
89726
74031
70318
57942
13606
91634
88034
75533
24788
26223
97245
10738
96903
56547
5257
39801
45275
31912
67158
34102
62091
26827
13424
90733
60016
53446
51792
45110
88487
61370
44815
25898
41232
79627
15220
34252
87539
82584
24238
78454
30557
24501
56958
7199
34504
92935
52364
70342
14200
47163
95034
57822
62754
82915
9461
6870
52423
8654
45383
2756
23902
75107
61162
24589
27312
65466
78551
28147
38141
17591
22269
54716
88412
18148
26701
60027
1631
99721
85553
53597
17941
76043
38045
14898
21800
67678
75037
35093
14311
92328
93102
82170
24479
76308
91498
75156
72386
54704
98779
32992
18345
21891
79408
9201
77333
88174
96813
88088
60593
25566
57948
5616
4692
87691
75170
17924
41123
54673
37261
40510
97107
92744
60169
89964
95404
26402
89266
74417
90793
6208
89731
19429
34395
82033
83917
83786
47470
35177
227
12236
34179
2938
12914
35060
19100
61297
39982
44554
14806
91535
69608
10116
11216
32322
88668
38351
47915
79232
15398
98776
81386
99488
89044
99288
92280
38868
12919
38746
38824
79911
87091
62666
70711
13583
45334
91164
19471
32175
15845
81526
23397
49228
98098
4251
26882
85290
18410
14037
89982
58722
72779
97982
70120
35554
99090
99980
46370
6817
65970
33302
21769
93565
60033
1095
46771
21075
64844
31517
1329
26586
39787
84702
74260
43325
65007
23385
22508
95955
39352
67444
76523
14781
35588
48791
84615
82971
9377
16372
61279
54315
25187
37682
66613
46719
62832
70645
34938
25466
41209
87947
52775
92519
15364
85589
18503
45237
4516
30160
78226
2931
50090
13119
62836
82916
91445
41175
25773
72543
82500
51143
41329
59591
34700
93377
51343
53409
95142
93257
76495
72439
15168
35866
16181
21096
85139
44687
63042
65481
8596
3125
64089
29372
49796
68714
81087
38444
62082
91729
36763
51650
50497
89206
56894
45863
4788
4920
96540
1175
31557
72792
99032
15390
26021
59837
14398
94770
10269
2273
12073
28780
74019
31259
77285
30116
68937
1385
87310
7240
36816
5978
40152
91000
78522
89558
72936
40930
2620
79851
23999
57973
17682
67669
26423
82948
90220
22600
50598
26137
78886
43293
18144
82835
37718
56535
39385
37533
66142
51121
66055
3788
15362
82342
50374
47253
37043
78492
5237
46985
67690
67501
26173
68847
19600
1908
15474
46588
9274
99505
54386
9073
52402
59705
64523
88240
76912
55389
22489
31580
80199
92308
54605
5645
16284
17832
74473
96301
74066
78458
48007
91442
99393
44083
73786
58392
81157
92873
66700
83002
32434
81802
52486
93197
91556
25031
4334
21946
97589
53760
73770
57621
33736
3048
22948
42622
78435
88117
37254
75252
32345
71014
61892
96785
65509
16721
17912
92166
56659
37544
63657
47251
44920
27111
20293
1475
22274
19197
16525
29154
71401
95509
34320
68444
6501
94720
60751
71444
75193
27424
78336
89405
28270
93523
47823
37081
68378
53658
83070
43883
31263
79013
53708
93499
14704
80638
56116
7622
77486
96398
51308
88766
44561
62640
1678
50533
43969
29168
67252
63234
23589
2942
55388
99006
14098
71829
1387
78942
99269
84355
18286
86973
98541
693
22747
57476
13887
8961
54518
5705
47948
5135
59728
59970
93264
83492
94217
68868
86497
96140
48150
78364
57160
68931
4798
52745
49036
55873
34814
72661
81257
76704
6476
42862
80448
82507
25817
15461
62152
6468
464
70369
10914
338
96347
78849
3946
88966
71780
99757
66505
29288
33657
19543
24520
66275
41225
17396
37311
51017
28523
66161
36779
35076
17341
86323
67997
68443
50058
61583
64943
96125
46213
31267
94834
56717
2290
65071
81828
9545
72644
67731
93501
49721
18017
41447
37192
87281
45409
56081
42382
57987
1237
14406
74509
55364
14789
9440
20680
97977
13426
55992
73721
35582
12794
67041
94882
27026
32473
80481
33344
4003
45100
30220
5248
95281
89362
34814
57612
49442
96523
66197
68158
8514
9666
15401
84565
19092
28007
22505
53893
77785
79381
93236
22697
19515
84914
46224
89908
16023
30485
32362
78757
76070
75233
88298
8664
48454
79152
19922
5592
3625
36171
51508
65395
89466
34037
23405
22215
80999
26120
17314
87000
72047
41943
43381
36707
52714
17874
26052
90092
64751
9288
26718
87700
59270
92967
45219
54151
62571
69247
47223
54001
32987
48004
21186
56048
64575
91314
37799
79781
90034
70955
30911
93860
14800
57532
25937
35691
3037
70621
59825
38864
37934
99703
84466
28563
38776
43489
21833
14130
4884
2211
5472
75610
69964
18043
53843
99163
35589
36157
36458
65301
42184
26229
6324
79407
4398
34600
94876
41126
76072
48920
80427
12802
85225
4711
89402
40804
23184
467
21681
78652
16181
81952
57153
28216
20335
8723
90395
91062
82784
5914
3019
20314
97535
93897
4692
29755
9343
49919
69033
28119
480
43847
77925
41223
54610
54234
15432
86510
55202
95586
51087
24395
67139
61242
63151
43757
7258
1073
59213
25318
95845
2413
96765
42520
27272
6923
30741
68236
17846
89957
57260
99586
36921
62157
49557
40099
50751
342
56658
43122
37665
8114
7159
47905
51344
19573
65533
4767
4126
12248
93631
1487
16807
17786
16404
65812
30586
81921
7753
84968
84295
69854
83674
20556
99559
2926
96621
65658
41699
92797
80108
26358
33058
1606
55389
55875
5874
95189
79711
88337
52818
34029
85507
93620
40665
31685
41061
10577
94087
11853
485
74225
35815
93838
103
56312
46429
24175
59171
16911
77842
64213
85097
34173
27416
6178
71381
88852
70428
89214
28362
19432
56296
64915
61967
20379
28050
85234
65155
25971
2884
69555
5822
59821
8424
93241
87941
90794
35216
92244
64905
74215
59232
97440
87133
90091
2329
96971
41362
65498
55778
74900
80946
4295
40244
43055
49141
5734
6371
26373
24962
67870
48900
16728
71238
48413
77888
87716
12618
46950
98836
51968
32212
68518
673
82436
70077
58533
51190
18181
61418
62167
1720
97212
20521
7794
36236
56420
59082
57626
5057
64642
37303
36087
38013
74687
84786
83400
85570
44177
30986
3697
84540
79608
3769
21232
76009
6308
82972
39374
90982
35987
91728
62096
27987
90104
85349
10861
70402
41239
80034
6394
24545
48301
82742
98209
59840
49645
74646
44977
77217
38821
6039
49422
63773
91167
50634
49385
92877
131
37839
3690
34651
20698
46007
7209
89125
55213
99418
79165
71754
86604
6225
8332
73941
99946
60658
87169
43780
87046
43718
85371
83924
18756
38088
46561
70954
762
59740
21268
34080
86247
52137
43325
71594
77917
68660
3174
42468
56351
81531
44581
2362
94630
72907
27250
9747
25406
29087
87321
57563
80429
35797
59307
52492
66707
70542
52847
98552
81548
37154
13846
91062
96787
24894
57868
79814
85025
12540
92490
34530
40819
92380
30601
92708
66921
78084
32113
75950
32075
45361
26959
92058
92998
2201
38693
83390
47092
28511
17147
19195
78586
82162
20659
483
94570
24803
40986
60644
49641
22657
48123
49557
62059
74642
25133
13372
57274
11376
36205
30714
49462
60701
92038
41428
31830
28901
57132
67167
73420
33903
82921
31366
42503
58879
57711
89243
32530
11979
55115
23384
87866
85912
86107
12977
94541
69424
62646
86488
23645
69570
21545
19723
64835
81015
64579
350
87617
18828
22310
79393
57056
35089
861
15791
11320
20444
41869
71666
95374
20747
87268
90613
57207
54069
64110
20520
33627
36427
22887
98922
26229
61072
88491
39894
24599
98002
96744
40236
43402
67396
23605
8666
10002
11193
12668
15399
82256
34527
96178
22429
50850
61622
9544
4369
11173
16395
48026
24143
71323
5174
35172
40774
90215
49868
88693
49742
67124
88354
62427
69809
77781
74943
7582
23005
61768
29308
66025
91397
48052
73978
96866
34350
95826
47840
55355
85693
39368
61904
35585
59963
89711
44421
17490
92770
85718
68268
17836
19174
23199
46779
75328
91043
59112
36050
99653
89438
48484
37965
78696
37499
6920
12579
63617
2875
15746
26622
51297
80592
80194
7607
42344
98399
13917
28045
57652
73551
68614
54690
91731
7700
78749
74546
68185
41331
66884
33073
44557
81042
65164
50016
68414
21214
2415
82156
89651
28119
53366
53219
93663
57468
20954
32723
97523
21871
99111
90177
23598
88708
5853
27523
47600
67595
8944
98075
89452
92664
33040
6544
72891
35275
73859
94474
84717
30465
4237
3978
84251
43606
72626
64036
35320
21781
52306
29850
36806
22815
95283
5750
3172
1331
63549
98499
14245
42783
70814
93993
79356
59044
48813
46147
22931
36255
7660
21279
70107
49145
86247
48817
20510
13517
53818
81844
33584
55153
8238
29374
35812
47491
93219
11231
89403
38897
10378
73078
5527
56197
1833
97072
8686
26315
73282
25854
88505
28193
97901
31633
25036
5306
45409
34805
79168
71086
10930
50887
21036
610
64180
38965
7827
7279
33789
52656
42422
92754
1993
41296
82730
12975
11607
27205
17092
70115
70961
41397
18385
5605
80841
4662
67618
13687
16062
74090
30373
94703
11358
85842
73807
4988
51429
72657
60437
23192
14788
39262
49721
15561
98973
37381
25761
6611
10346
68443
99652
83646
40414
26491
14686
18335
9315
86114
64483
7237
27010
88099
62480
6915
15906
5384
70109
60309
97031
15143
98190
17744
93788
40764
79401
29579
76491
59016
87714
73636
50568
99782
85393
58992
49902
38694
93477
98627
29409
24328
72691
13912
37587
55254
81478
62078
4802
90302
95290
67711
96318
71883
16868
41933
55848
73887
48105
203
58710
67951
7311
71382
52756
94363
55280
45551
516
54824
97226
92325
94790
31772
36436
22467
14642
80118
73804
38676
24002
29991
35243
49422
12781
72657
96601
65922
42638
16186
12765
53055
39235
86733
8493
67805
93297
21357
99332
25517
94469
39799
53105
26586
76886
30323
78476
9883
6758
7574
58019
5817
1158
44440
36467
85176
90489
79181
66482
70243
31953
58177
48105
56312
28182
60437
72352
70733
31109
14385
76721
2974
14517
88549
48542
28885
49204
36576
62686
57780
8432
11276
81650
59809
98226
23524
85302
78415
63013
75090
20851
69893
76757
17353
46066
81197
52594
12636
77963
5659
76403
28154
37019
93687
12311
41351
87220
86314
67494
98200
398
46817
39735
25226
6875
67617
17387
12863
70169
14247
25846
31062
88832
86106
94622
74150
15451
91216
48891
17303
84755
31066
79903
94332
91591
42956
16687
25073
76792
72525
71215
21262
62465
7383
46748
51525
8676
98636
59955
15102
15806
30837
50607
68651
71901
1976
2224
16970
39976
80630
43254
46712
65532
16765
67980
47404
11544
62417
74786
98647
814
62130
50035
64950
67802
64618
35718
60305
29134
28757
20367
19508
98636
31597
35701
44551
87533
51282
47407
78347
85598
37906
22151
6356
99274
63546
80000
35294
12306
27609
11220
24461
51322
81933
64342
25381
28605
23373
78935
98530
9600
67346
71524
34421
66820
61763
11340
39228
9813
89276
20894
14749
15295
92985
43633
23839
30945
34884
67934
65380
79226
43545
83592
62215
82111
65971
96188
72334
4750
96565
52435
41932
95357
87319
95892
27894
25100
25770
81014
31391
85305
60202
32868
6451
87730
91423
2297
10316
54596
44432
14538
67989
63442
40229
76195
37752
55362
96438
74377
91430
12978
40758
61791
88515
87336
98262
93508
38474
9862
67127
35578
5765
47772
87024
18242
88481
96056
64920
4194
45105
34552
8400
32040
15394
53376
50640
57352
34358
74375
99372
75265
44640
81740
53379
68894
13434
29862
20772
55865
45126
41561
92862
3770
3296
37092
3170
74109
32444
39671
99799
60817
78113
15297
51834
77500
52641
30952
53263
20220
75380
60594
91624
83240
38128
93536
57041
55893
28967
30971
85590
43733
39997
22086
40338
8058
33605
37139
22837
91289
61303
21649
49040
60329
91919
16611
79776
15978
38597
5324
62485
58306
80261
67687
84478
79746
39243
87379
14675
20936
9629
523
21375
34654
11268
89363
5000
38687
13511
83278
22492
3578
47750
44525
25913
39631
14385
4834
87864
18614
47875
47698
18135
91743
44606
38025
87619
53620
53668
50632
48127
47546
2255
55481
79859
76246
76014
49603
48851
36813
69692
37881
42698
61924
27294
97164
92100
19206
90905
63841
84981
39332
81102
85405
55593
22614
93652
30813
51497
76448
33488
38275
20263
38512
3122
93930
67878
87171
59631
72442
96904
43015
119
4631
68437
79131
64115
76468
94726
38803
7197
58501
89931
44696
87003
33554
75039
63052
92473
58023
79238
48299
10818
45064
22431
5165
38267
48834
69612
67688
76220
39837
34491
20306
32331
92621
13393
63011
78807
30984
45042
52121
37135
48786
7471
55094
11069
49460
91276
41444
15138
93867
76941
24825
82478
92540
70716
55765
72476
97957
2746
41512
66216
61615
8896
80881
38606
84640
97200
38305
16321
55692
15197
27997
59364
12716
94707
22722
37800
91943
99045
46819
85059
8428
37041
32975
67401
99746
13202
6574
10794
86230
86850
38089
24296
12084
64554
49001
69970
57137
79495
58935
4706
10597
9371
39523
49904
3606
4973
71840
8593
21647
55389
34989
6992
38351
80201
66191
82374
85150
76853
57433
57625
18747
27450
8046
33583
31408
49870
13149
59693
55335
68683
5258
23248
90486
85695
94254
7047
32501
74896
6645
86027
38929
37257
5573
57660
20057
95654
86462
57818
54165
7160
22749
2941
68086
28661
28122
70001
98984
39359
97970
43729
16228
38447
8127
94110
82019
70782
70594
70493
1261
54352
16003
8267
11823
89117
26319
13309
72587
38205
20321
70008
99626
67536
12507
51625
19564
5159
22931
33059
71583
80242
23595
74547
17806
84391
21464
83361
59409
23148
9732
25605
44482
45025
31343
89860
25232
94861
26416
37766
77580
78403
63578
756
87873
11344
68698
76147
61632
4484
94428
12184
26201
85179
21229
44359
88743
55719
25435
76460
49186
72892
31992
28949
22072
34679
61278
63594
71125
86892
88044
74730
78046
70986
98254
42467
26974
82861
64348
32494
32440
48801
31737
63140
67675
84045
15995
54561
80787
61635
76234
26644
64380
44867
39553
40960
71602
21799
81266
68754
25380
97742
5030
51518
52262
78408
79874
48889
33126
39931
12677
95661
78838
50512
63278
3645
10184
54557
51578
31061
17976
83600
84586
32492
62499
90804
31012
79897
42133
50403
32720
80431
224
83465
8931
83255
44840
81808
24376
33128
81084
5549
87930
29478
36959
14631
74782
33524
19748
44639
98477
80151
88408
96896
95584
68264
52793
4933
33124
60917
56997
22657
93501
50646
16013
54959
45862
6759
87368
75990
81750
23942
5604
73849
3486
6795
92535
33241
33135
26911
65203
10119
36761
26746
34872
32649
7919
27069
94628
30312
9798
13033
74406
87060
10683
74170
14032
62837
33332
2307
92586
53743
7390
56711
32194
79600
38134
13073
62786
48474
45284
65329
48410
40392
89730
60468
604
30910
32826
2334
28775
85137
57453
26471
75131
35248
17296
2639
74155
10350
71600
90367
56369
92397
5718
88094
60763
38473
68678
85868
90755
7582
70145
89983
91996
66710
48427
29495
8488
83251
41479
45632
18055
94229
10334
14404
33545
43561
94974
28650
73541
17967
67743
65263
64066
95142
53281
76191
29522
32566
99761
86768
12159
21113
51114
98716
88093
94919
79768
25913
62687
86556
48312
64694
68070
89544
97596
52244
30196
55924
91659
20030
80991
48716
14244
58535
41121
99981
43170
55455
48140
86827
34619
25585
67386
78591
36163
76636
57442
17037
76462
588
16423
98894
37523
16020
40938
3294
12236
16843
67872
46083
32377
9632
26943
36120
45700
70043
71569
45334
12703
89681
60203
70622
59401
84291
86008
5
63824
4116
51246
49180
57841
6021
94882
59419
23611
33903
52887
26314
97201
3260
25425
84684
64942
98819
94664
5608
66402
77822
30008
68693
72283
72585
42229
22881
17471
93210
67388
32222
91477
51287
28805
48330
77892
34136
2517
77657
55091
72282
93775
91745
8752
88605
66026
54882
88044
83771
83294
16752
76163
17574
97784
80158
84825
55516
81037
24425
15520
21417
48267
91902
71287
29786
30731
37193
16908
12857
1827
48443
1313
35850
30488
27734
780
9921
36016
72793
96025
81021
61285
80739
14187
22661
56182
16197
80959
4510
56856
39145
1425
74118
2921
40761
66552
83824
26053
93453
14924
68700
7345
9205
17032
69266
70613
863
17194
89147
30759
21893
34968
6621
42626
47734
50237
68337
51254
55711
6544
20962
35609
53302
41205
16803
61114
7331
35837
3917
38550
63468
23369
44373
38532
53723
57388
37511
87979
24813
87022
2945
3923
59546
64780
21837
98744
73245
63037
41884
51995
79839
91504
22460
66932
16388
2321
22742
74978
53649
4682
96294
14274
22103
78374
84280
84094
68097
68753
17179
26716
65431
64059
17829
92823
70189
63419
99779
31564
83307
98672
35227
76395
43129
14499
5472
93261
16582
17832
1969
56516
94101
56035
42255
33710
57029
45128
58680
78051
47100
48219
75141
85422
90895
18293
53820
19897
59824
51560
58547
64000
87861
14330
79810
63656
92225
58093
66307
13704
37649
89599
64297
62149
90021
75565
29562
32412
1032
242
53867
52633
43422
77070
41782
77956
18282
20929
62458
28475
77049
63191
80720
73370
76590
71230
51109
48887
77675
76114
38521
91690
1369
41529
34898
80585
10900
64746
24733
68179
72437
32329
70179
51970
31901
75725
57156
41635
74427
48483
51571
9154
93627
85707
84910
11422
77420
45600
86488
31131
11371
33270
6836
84695
93297
59035
69312
35028
24182
59775
48172
76564
59776
18960
16854
8163
92172
47134
9827
22062
33047
80478
4283
29649
62538
9450
81762
81742
66656
54245
36207
78458
35350
42493
17387
85041
70286
47721
68199
23306
35327
17
10330
23877
34684
67116
49302
59904
37119
25284
50502
72649
18994
16215
66790
20654
50042
17815
31071
87440
23553
32753
46013
42742
54462
39947
82703
13598
22403
10982
48123
70446
87267
87810
65179
52296
25406
66497
54168
17116
94346
79459
29185
63480
70528
1489
75656
14235
30752
84918
54425
89031
36513
42759
5592
46100
92985
23172
68566
61025
80134
43062
20880
37413
12023
95928
73764
84100
281
88082
74928
68157
33442
39968
58057
21216
19668
25329
88469
56477
22126
11947
94245
45175
88309
86572
44947
91480
86170
63372
55476
14622
75977
48574
67225
56755
58061
66389
5192
52602
13731
77315
19858
83973
46265
63261
50705
27396
63266
75738
23200
5368
49274
7546
30231
65509
74705
47075
63937
14085
26549
78951
49275
47194
4160
20866
86444
77243
53467
9759
11228
77744
93038
14553
43250
11993
38437
16639
81421
18856
52160
14513
46207
35631
98231
39591
9505
64564
36680
16753
26103
4129
61535
64953
86530
26103
81920
65093
69243
17187
42964
24728
5618
66505
73166
48120
76292
54397
92089
89770
26514
91824
54688
31193
7300
30695
83193
45462
50521
40360
58767
74010
36585
39598
47658
71174
50682
86236
43485
267
99324
75789
78988
5606
67969
76201
56024
29219
96603
66932
39817
71074
21908
8129
38295
79607
86980
63364
4116
15595
58771
8805
30041
61184
15148
39409
21516
48754
35801
86666
84683
67641
29217
22366
55799
33611
52347
15189
15872
88639
49325
58468
75305
54699
37349
76158
90904
42606
90739
12682
65437
35530
1794
93584
24059
77162
89778
91981
27352
14626
72051
423
91197
87251
66559
74426
41034
7021
69492
95760
96474
11535
55916
62031
42445
59530
1500
46508
80504
66819
57414
38685
36102
33944
63290
53612
72265
6266
16208
24328
61345
33496
62267
69718
68392
4444
67338
39140
23255
75247
57408
20670
38041
57783
56270
39290
44778
97025
74442
16973
34379
23706
96367
58752
72613
56471
3696
69758
39991
27156
19897
91844
7134
17689
389
43323
51007
68217
41462
41794
71412
55156
25556
70915
63217
43933
91365
74760
33427
85685
72965
68583
89252
55094
38722
14553
79597
10924
85399
67240
79576
76253
12995
12390
35200
28170
48165
17786
52791
13997
47063
68566
92052
22402
87428
98212
25560
88962
84646
85215
64411
43275
59616
29213
32152
30555
35669
58826
37169
72891
53476
79056
20672
21977
99169
70130
97276
9773
61009
87832
59524
63773
15361
79941
67627
52284
17666
96708
98816
21645
80293
18817
52696
64037
49936
66356
41115
56558
36219
47223
47592
46376
64714
81561
68485
95403
6246
61772
48135
94919
57658
69784
94682
28780
46023
20210
23373
66438
46629
34119
48830
767
29270
85811
44670
20840
69000
74767
69440
62867
93800
35526
81411
66584
88509
1896
24729
31735
55784
81751
13331
6941
69814
19711
81324
98719
49439
83139
62703
12707
12190
76562
9765
82495
85101
15417
69119
85017
40605
93266
62492
57069
23375
30969
26551
8685
90642
32159
49233
17250
23961
82520
86230
50129
19224
37167
7439
47993
28667
6426
25507
52729
99939
87272
61194
80463
29182
5910
10416
42202
44002
32769
65219
7297
16326
48949
55129
38732
54332
31780
42368
32592
77775
6483
67203
81161
9333
83790
22102
12127
6417
36796
53343
64459
40616
41037
25857
9491
87581
4687
7366
52913
35979
35360
49640
9426
40447
56542
40380
54202
528
85691
22843
46820
66076
42092
1294
69127
93440
36544
2390
83093
58995
93069
41046
36061
95936
41445
989
87440
30206
97865
74260
96544
56845
91764
65760
82469
66895
88696
60500
83033
45473
87174
53366
62531
69557
4422
92652
67761
41069
70279
98275
87390
26102
67152
29820
91091
85311
4789
95859
69738
8628
60677
65837
76461
52699
24448
8670
48445
78474
53126
85301
37711
59395
89099
36
44432
40174
54375
64591
61801
46257
11433
52048
72350
82318
2891
70405
39633
31769
97728
82743
60292
80053
19306
46216
57563
47018
12777
47448
5855
57700
36814
31539
29726
78827
81709
21370
78864
46683
58705
80077
58261
54176
35497
42898
69530
15247
65664
93125
26139
19843
57962
55996
22370
82515
8091
19958
48589
46765
83794
33759
91406
54321
55922
53890
22732
16268
6097
72812
87846
64336
41512
77017
35480
25900
21163
73309
35510
96173
89844
33553
19573
52529
35960
22807
13033
98115
52635
81580
82313
28632
61407
72266
80623
32613
36247
68119
76891
43611
59641
77357
4887
83264
89138
27495
67893
21515
79060
82500
37077
95740
64171
44923
2147
20214
99565
32860
35773
85722
81007
96383
27890
63584
48500
56267
29541
1908
57216
62725
50161
58443
22667
91538
38023
11969
66642
81003
96018
76081
4455
81565
79228
55664
17000
86297
98473
5158
98029
39678
353
97930
80955
65121
95435
34104
98261
95959
4341
37586
42771
73599
25360
51153
73290
6703
63800
99494
69451
47961
86610
71921
6440
68473
61198
5468
66512
62878
37899
61462
87036
70066
51802
20328
65090
69064
27482
9877
22215
30178
3010
72722
30258
49051
24990
9632
43611
62007
6609
38242
86594
63461
36153
89311
26492
64783
58959
69846
90919
40190
55373
65177
93023
72396
21067
78664
83978
51719
62530
30634
18285
98047
81297
29258
20802
45133
86430
41132
29505
7167
16244
99946
66394
80612
19242
88080
98917
79377
19397
37392
65521
97837
78324
88963
44153
7583
44825
33725
96245
9874
38311
63788
70156
41283
34214
19820
24038
74855
8531
11593
7168
13403
47173
17683
42809
74921
60171
96535
51625
30387
79057
34432
97746
53344
33826
48777
36814
69856
59783
42237
37544
8734
32557
5709
32070
68289
38436
21774
86212
5950
91299
40493
39740
99550
36041
70223
98817
7208
82111
87913
50668
59563
96474
31288
109
9225
7196
56862
3363
31971
13306
60187
11942
6365
92536
54020
84929
83502
60943
38274
27102
81703
30609
93033
86906
88125
31812
12435
55863
56053
65034
25785
48624
4811
76354
17165
77511
57566
90054
63127
15386
20219
32181
92042
67701
31173
53035
41762
97953
25694
30445
68029
93017
86549
89665
11507
91997
62092
5913
73427
51295
19460
32176
96987
45947
97895
89101
89235
48676
69458
61573
72007
37274
81181
9597
33344
75351
56105
61356
93533
88680
8004
76927
58291
71449
85692
90903
62238
1001
16990
16909
33443
74557
2409
6869
932
86960
87604
63968
48702
36648
76537
26491
27587
17188
63805
99317
24591
42993
25884
54270
76201
77852
46806
97515
50200
3554
45968
35575
3455
60963
15656
2339
54039
75028
61049
54525
71719
88948
89958
32254
90946
75190
73863
2669
59742
10110
87566
9826
51340
1191
44501
60229
69689
22496
94181
92341
60192
72759
92357
11076
68745
70413
34525
45215
85122
95914
96294
72972
76761
85769
76465
40364
35347
64116
27472
98112
82188
21930
80677
7560
37355
70365
84901
39077
1537
94840
93832
94016
35519
13213
82223
25956
56977
19885
99955
82151
27162
94241
87718
86182
46317
39157
25896
12910
51077
64420
21513
39414
49666
34671
71669
85513
98432
54390
9889
74051
17878
74025
38705
97937
43944
39640
31555
12538
1322
37287
63291
86140
1073
72445
62380
22831
95895
33724
79520
38503
6219
34795
95589
71445
17971
56526
63604
42828
43999
11031
95102
8833
67243
63510
1109
39019
90385
31628
58932
95594
13928
25245
84204
41925
7869
63364
67468
76235
81452
50336
10797
36411
94619
95372
99671
41151
81363
14669
96243
78803
51964
85060
32367
33124
37140
92355
84679
83731
428
57564
14198
26744
42400
15893
52760
96004
14224
6680
61531
20190
80159
63463
98530
13199
18759
141
12181
38138
59991
25711
94633
12355
93227
1857
2439
62320
54406
89365
12348
19500
96207
16526
57565
32072
37
5042
50580
80989
91327
98910
80587
86061
69381
45812
78004
16583
3205
83760
71858
68424
82931
76216
50920
85087
78496
52625
91644
16649
21973
57454
19816
77659
73740
39940
76253
96542
26123
83673
89108
149
32479
250
68114
48602
47569
96940
66646
13862
96775
35290
38211
66735
4889
44397
78117
24395
73006
96698
14370
12659
19411
90069
72446
49988
38040
92963
31434
43391
72807
17997
97643
68047
5730
96720
63554
89386
57143
99281
16734
16625
17858
62671
87770
43858
67584
2929
13459
70061
82603
84382
44875
19571
3415
2283
63763
7977
41575
35630
44601
81133
32717
75890
59565
78672
52573
90244
56593
83425
29164
94377
73437
46379
94122
86002
16909
23476
13017
91880
42760
28166
22185
13250
71308
60683
26770
71253
43035
82993
45901
65483
46940
49325
13295
67308
31024
13308
87075
54713
83602
48932
28099
53816
94506
13752
92531
17801
31406
10299
88602
25590
10837
24988
77534
41449
77274
63296
39034
75000
57161
81854
84766
56444
70025
46403
53764
67552
87686
6710
10250
7412
4314
18389
58641
6848
93527
38622
92817
24886
13651
490
6070
86016
98225
51731
43836
81625
41832
4631
85570
5944
52466
77780
56046
44582
46675
39923
17725
67089
8676
58690
55685
30073
22555
41945
16009
42599
10233
159
87736
9950
70927
90692
26818
15433
71374
60174
10424
53748
5418
6258
77599
35607
41738
5944
25841
91885
36782
44418
64880
58947
53981
14693
1351
36107
52619
10229
192
68944
53443
60511
23003
7460
63223
27471
31857
62901
46305
16466
73158
16671
85012
71702
5892
17595
16708
85326
63290
66100
16143
59634
29201
97946
75270
93667
30918
22064
29692
9483
26504
82464
56586
20291
67792
33838
97661
55342
69144
64681
11293
36643
40186
93182
69690
43624
60070
92679
23893
25049
56735
29409
37416
98408
63634
33979
91251
86815
8404
97962
67812
30721
29016
25881
53026
29454
37481
1022
33270
23461
36458
76520
28407
51364
50888
24724
36497
34986
93432
17695
67633
58910
40466
28694
88687
40329
3850
66185
12792
69053
69639
71038
43638
92953
45825
21985
16799
80933
34396
84313
3319
7256
23420
56246
77731
15897
37251
50439
77515
28866
24206
76424
29323
98976
37417
60056
89558
5847
16746
3880
47048
14051
28945
20943
44102
71385
15449
66107
88564
41419
38907
2659
29747
86827
23648
18359
96788
31079
65729
34105
30910
37778
65981
32517
30200
48196
47030
2218
86739
25367
51656
66621
51351
71026
86279
48483
56233
6979
85876
91308
66966
48549
16635
22399
58942
74882
87821
35152
11711
82481
54229
82703
39517
97056
80088
15354
75723
33965
47182
73234
36217
96078
25368
72779
2587
16209
11229
30268
73681
19101
133
92119
1560
32663
79792
6163
85836
36033
99700
77124
18328
83004
69586
94636
46108
68687
87988
80651
76218
33408
8581
74322
1277
80926
11725
50902
96198
94977
16775
65151
8948
17770
192
24768
16559
15652
95438
32385
17585
21036
56587
85463
98386
88396
83821
66870
3631
60962
7492
85757
18295
1376
57807
22415
37105
78989
28571
90530
11628
55017
57081
42928
89605
18989
1722
43947
41807
19920
15177
96462
41922
41447
74630
49230
38530
48900
94523
15375
32811
60479
79804
41587
77942
61234
83648
35245
42187
9053
49398
64852
76579
24875
98694
2931
29400
41452
72710
70781
67019
56321
68117
47933
18738
61110
98552
96364
20892
15593
20366
70844
98498
94409
73233
95601
98860
43641
61260
76208
28989
42580
94099
76463
10269
96107
99428
427
95937
8202
66585
28153
74328
87608
9862
76596
59988
9821
83413
23989
94419
84734
9819
38657
17034
90659
26774
75068
50829
55418
17734
80699
43197
68117
42534
74967
51054
1774
58758
30205
22420
46026
8261
56291
94090
52635
16528
16405
81886
64768
53745
44429
70652
78567
43222
32225
78582
68307
19424
43127
14957
67481
33732
60467
6014
57923
47330
14032
13996
31223
63327
5133
34213
55218
69281
99487
53460
51598
67494
67493
61763
21443
94466
1337
51179
47786
64403
37890
22490
22140
46658
98790
34495
27192
51929
5788
52180
94980
34907
31231
30889
10411
67492
42847
64745
93413
44927
36594
66475
41076
44254
66792
52760
14090
88345
68828
43059
28680
87430
55078
56554
75842
38993
58925
27128
26270
37880
67546
7412
38683
20198
32743
36601
49326
85322
60247
90003
17223
53139
99007
84195
6482
12330
95010
84943
41978
38092
69786
42409
3720
34786
98834
31194
11049
40543
14993
42699
9453
67830
656
96144
16331
97014
68141
58002
38595
35875
88696
68727
32284
53649
1610
51759
46187
4831
32214
6014
81685
98510
30008
87713
82219
67037
12202
41183
12212
40355
39061
37133
4138
63272
5635
88702
69658
38335
77331
61765
31438
99940
66215
50249
21224
72558
10264
90916
12932
41905
47881
12215
1440
42324
33272
30350
71864
92970
8273
64043
23817
85742
29981
69778
59960
56224
17048
78769
45387
6838
76639
23017
56564
79105
48488
37085
63694
43358
53068
93238
87040
13461
59679
82352
63359
56209
92129
62277
82897
38524
69260
11540
56107
46518
12621
37070
89211
52211
51728
32988
6242
60879
66101
20144
16409
66286
639
84359
97844
91763
88298
85976
37732
85213
22940
20252
95031
52249
10804
55258
25050
96200
79007
32301
19518
61231
57130
47860
53688
36533
7666
87222
2339
34236
12375
66799
67264
69535
36751
68444
77629
67812
99766
8607
1780
82461
58051
65743
30762
7713
56279
93728
37144
33251
26990
45770
23974
34284
16663
29400
34131
65657
89952
49520
30322
11315
83691
2778
68398
47303
7453
10670
2381
3522
43189
12959
48371
64491
41242
15966
73118
89437
25260
70156
25774
96703
78461
27295
6887
31425
41753
29712
78799
65429
34560
82463
36531
96232
76756
89380
11174
27804
6317
19315
9513
21603
60234
57675
28613
93050
49635
80603
89525
73823
68378
88497
20321
60817
52559
55361
27909
77059
5586
83310
20177
50876
75540
92216
40617
24526
97590
80002
35405
43600
18659
35710
90419
84187
74394
8024
78543
9694
18755
45564
49300
14974
26626
48388
35157
38669
62793
13730
72261
15333
58760
87783
85276
1
81120
13294
86842
34169
67030
11559
58406
32057
9283
18755
34928
74364
1703
99225
39477
38026
74429
25300
57376
43019
94218
51897
68301
34279
79
53848
39049
91292
98718
12910
92309
32826
13098
16404
99466
33918
94615
73033
58582
49129
50736
62487
15300
37885
14359
1348
31866
13043
57015
87095
48572
96124
38965
27492
72685
77106
63685
77558
90998
10266
12057
69688
90015
13593
87828
97536
47579
59888
64573
58361
88064
1845
92399
4876
84307
39407
99053
51498
79202
35374
69075
29401
62219
46212
69191
91032
43739
48036
98255
49264
18096
70166
35292
77305
83359
72692
78755
71878
99570
80420
70060
14702
5289
92241
35492
36984
27329
44328
4685
69346
54610
85325
4694
84974
8147
60248
58181
91274
17944
83952
80624
10170
48187
2817
72139
8260
1881
84445
55131
79800
36083
91053
94089
60570
38516
81874
48915
99565
79475
17052
31964
88990
57358
12773
29284
94410
47606
38891
31506
41453
18538
77577
61773
72904
55132
22802
94666
98734
5360
50153
25792
52395
18018
39551
73303
79218
52934
65897
74655
16513
13067
93886
63325
26995
81241
84970
75616
86242
49210
5170
91762
88214
95829
23205
25866
32687
61077
85338
68254
67915
15784
69708
53717
87188
49507
57391
4667
65545
79523
67725
90381
66695
73806
39682
52980
79348
45592
79376
61423
76489
94402
5120
79145
46489
31004
84726
55370
11714
58315
33423
25834
4462
50150
32922
44831
14214
8506
88592
6071
1076
14798
28785
12545
39796
70945
77213
4454
74711
99918
99819
50262
96787
70513
60329
98364
39018
1860
17105
9491
3732
70531
90500
67826
61932
65102
52263
36514
59701
8844
8662
1617
29639
86091
66025
5727
97850
30598
4066
93782
21997
27648
19439
72310
69012
781
12322
14094
56540
44720
90026
79751
97115
84575
73198
44058
54041
55235
64358
80482
14581
29883
24534
58924
46646
65695
42760
48843
88079
6850
78501
29256
63309
37969
67088
68310
44960
27353
88030
83843
47779
12869
46741
24299
52842
7172
16896
26791
91592
90281
40205
23491
16954
57516
30020
20301
36244
36078
25508
58536
28709
86810
60123
40480
41321
5830
54977
95321
92523
80313
22514
88288
19413
96582
68870
61123
77334
55671
70415
67612
88430
11621
60367
33352
57625
63843
74963
34998
74901
56795
15791
53083
62450
2512
39639
87619
66358
36515
47896
6562
95978
34289
37361
68200
82180
21432
7217
7282
13713
59258
72718
10845
88927
31195
4543
39126
30404
12645
42743
34381
48271
60459
57246
87944
64713
56906
85070
98068
52647
9195
46631
22006
37359
16484
74447
56959
54149
13855
18538
11646
48049
10579
13201
90831
66382
57038
20594
32977
58321
52596
6885
10070
50836
86881
13926
68307
86782
36554
13523
43447
3313
28706
21763
62361
22768
53240
19969
5193
61067
4734
35620
66345
64841
27812
57645
20309
12144
23107
71453
20797
30003
21814
10480
34995
49785
13570
74841
80448
90214
73014
28474
91185
46312
7245
33
19086
93536
68016
2074
50059
46699
71321
94261
93496
84780
48915
75989
44435
39032
91005
99858
32605
77374
89197
61196
83658
97073
89809
13356
18322
45107
76464
856
12772
53696
54287
68371
73339
29491
68848
40399
74760
76473
82581
24368
14414
4592
54563
66590
53197
32092
28961
50854
16310
67302
7103
14510
66366
23953
99795
21875
12622
3259
79646
62817
3094
28172
94541
92142
50946
53438
99804
74867
132
69352
82870
34440
72081
97129
74199
539
10408
93518
75282
30349
91245
96192
82574
21577
62676
32749
80299
70562
69528
89905
92419
63527
3595
72992
63307
22118
75368
13267
36632
77210
95396
39373
62687
40050
7171
17321
51605
62464
39207
2210
11765
86843
50467
84062
96384
18162
30446
87448
1982
70284
64755
99273
64738
37665
52869
29138
95276
99310
7632
81640
62760
58105
6507
16348
49524
22178
3689
35686
11808
95042
75086
85741
58061
14755
92031
91702
22391
7132
19762
17895
85103
81607
29061
74135
91073
3232
61226
79476
39797
28412
82368
47760
51121
40676
21917
76232
73211
94956
51687
57554
87515
5397
10018
19523
74111
11739
29827
47995
92825
2139
27875
91982
82659
56933
5392
78479
12547
53818
41598
36570
6057
50979
67290
94014
15637
62317
3102
14182
94741
85028
48768
39043
12300
91563
51270
76760
83535
8534
17044
20449
360
48516
55238
64960
28734
63292
48441
99461
20268
31138
17251
97466
80013
5462
16899
1193
83001
12074
52499
32938
49864
7742
51386
72396
58838
26
7806
36415
72384
71047
34742
12252
46122
68874
89982
49586
21570
72862
79492
75182
94751
75661
36799
63878
25956
50507
98687
2082
64929
27151
15391
84583
52376
32942
66807
66177
25661
52374
89486
7373
90614
38500
40205
35232
53410
6050
77135
43256
6454
34145
98132
22813
44642
90222
27637
67730
74291
76980
99089
12702
72721
24975
966
47762
93928
51368
23804
29431
18021
50194
82907
96149
81750
70271
82301
43938
82068
70623
45213
45157
91420
25335
18447
21478
14232
65370
78697
5492
8413
50566
63
15698
10286
12638
86381
76511
92861
30655
4141
83392
13745
85570
76520
74444
13380
75981
76617
76436
57635
22262
72269
65006
46425
39285
11127
64669
75813
83108
94336
48926
76167
8502
53643
35824
78650
48241
9174
62529
82939
70057
20077
95410
3079
97114
42265
21062
84899
23458
94774
25420
15605
21050
7426
1670
53584
52559
2769
67414
87053
18848
6461
97348
47572
52278
92538
65710
9882
10427
24456
40141
38532
95704
48897
22175
66346
95120
86611
81911
5271
46290
84584
48733
13293
28991
29984
31619
89925
73241
99328
90149
38868
1635
96164
88060
27945
14619
38704
71135
59666
23600
15844
70102
5119
3650
84525
24221
40062
83189
37976
88018
46149
9137
18850
75611
87631
65146
35084
50903
75677
25670
97578
21119
95358
74464
88057
82872
39305
36889
49840
44696
33063
73093
89424
33394
47982
28985
58741
58912
71815
85471
72751
75276
48657
94643
73130
19643
15167
43646
85864
61558
60732
61100
73553
57238
11663
29228
86817
45516
37049
37123
61984
37099
48795
41422
6990
18323
60949
11794
83261
77402
98185
99297
43097
76664
40126
44332
19554
72975
36225
50879
61370
7765
52741
7166
73466
59840
43883
9050
55615
46093
27613
23087
35426
73325
36724
52733
63941
19501
4025
3649
8584
30912
58600
71664
43356
50795
86257
4752
45839
70765
44793
18130
87302
43848
89053
92335
99849
41584
16790
48766
65687
56399
25176
61360
84154
77235
77620
87400
10230
48373
72126
7418
71003
84743
1417
70303
80123
68473
36877
96786
75893
87815
26219
71754
11566
15555
15687
43765
32865
62842
38324
53869
93454
86758
21934
26041
55790
82928
6945
55747
97735
895
74471
72081
25562
39713
24046
58467
77146
15445
23479
21032
15607
89107
15355
75036
97272
42361
22728
41890
95912
42899
84457
99354
17703
15621
15652
85248
60449
70904
59037
58273
5275
24191
10488
22746
28809
75812
90844
31598
71325
20468
19538
69988
82011
63460
45901
14875
58631
78463
27011
99371
90976
46029
16378
48794
98918
78913
85374
20055
21174
89087
28142
54070
55446
89416
9206
11081
45868
92579
99511
8663
41641
68746
83427
43611
24899
92846
40325
49340
99840
40200
40157
29476
78286
49694
2633
27904
25967
81070
22527
61107
85874
537
86198
66679
41821
12655
12325
33649
21766
15091
27139
3600
94593
22442
45870
38977
17363
88486
41927
45330
80518
32297
16602
73409
42069
20312
35227
67392
44935
53247
61132
24968
44472
99675
33819
16375
787
49319
40904
88904
58844
65862
22885
64013
809
24681
34710
8715
35025
80830
85591
82769
96701
36758
88861
98838
33307
5745
39988
4079
20721
31337
79752
71914
27694
20599
6144
51531
8220
20229
67364
34784
78546
6129
63935
10114
6406
79803
7743
9899
56992
88908
94329
77838
92169
18819
33738
8311
65890
51708
77113
45632
31729
48447
18904
8749
90934
46627
48360
44774
20796
60253
42172
84974
87404
86441
94582
55364
91739
33459
39214
7253
20931
163
63569
90972
3567
81091
56582
2520
40719
33006
86924
62760
15564
12598
72095
82245
79765
48402
27865
20924
58488
49570
91253
54823
9165
54049
6575
29255
90444
45318
16263
48575
99871
56695
75012
53904
79250
47339
57429
67917
54022
94233
44050
97850
76741
84418
23138
66662
655
86744
48790
80546
883
67498
17138
47805
73946
69613
57292
81789
39518
10664
70797
76220
2296
53884
10804
32413
4886
96334
49786
55657
19146
5299
36688
62699
16480
38167
57092
58244
85896
44073
54115
6219
55505
10694
5432
57061
89879
95169
60018
19036
22387
9196
72260
14592
4657
32838
80934
38935
84543
10881
75769
50306
5281
91822
90760
21869
38977
22760
70314
65682
32931
73401
30147
15372
7255
3117
16778
91123
69896
60593
95686
11576
43025
19079
21233
57214
80143
61322
38367
66419
10290
22200
92119
78922
73293
64000
928
50679
97997
91657
52247
89318
86950
90365
14940
46776
39848
68465
2381
80123
24657
99442
47658
10116
25756
74541
73112
31692
41623
46874
1729
22980
3634
56902
52568
26262
61203
53052
92026
56794
34407
47216
99024
79954
46931
66472
25425
6179
38376
61671
5029
75376
12501
63286
39748
37780
64342
88721
93436
62364
77066
22060
36817
49439
81955
44736
26495
77787
15831
82614
16284
47533
4979
37551
66105
19115
51438
98093
23078
322
14811
79234
49077
45800
88249
58259
50102
5917
13125
87368
26946
12739
37519
74483
60116
26967
62186
77978
32177
12171
94204
27587
68392
60769
53077
571
20021
29862
35037
45858
96415
77256
63686
63191
66881
80277
23489
39964
73606
37394
90956
40486
16525
41973
81065
52707
1132
98432
34762
82535
71729
27291
23719
91573
69060
54124
86962
64295
45512
92693
48098
96955
67552
22346
73420
14746
95950
25229
94897
46949
98518
84488
49200
21182
1282
22886
3931
66000
88639
28911
615
40700
31588
46527
17597
6370
29938
12481
65389
72328
17175
57421
30883
30538
46413
60571
35121
3422
32672
93538
60396
30914
29740
34130
48755
64357
48164
92266
27594
9038
42895
30839
70885
58317
17389
25834
32735
17341
41752
44597
90827
69394
12038
11074
1953
11716
43594
81807
41626
87768
3930
55850
85111
87112
89835
24100
1147
32462
28120
62709
54778
31378
44610
44685
80617
50893
87089
90194
64628
56250
7321
98043
13742
93784
52056
90824
17219
32030
16411
72411
49418
25916
60704
74295
89750
97833
55991
99411
71468
84878
62273
48507
1582
80943
7994
2500
87190
25073
4020
38122
86558
81741
14136
14184
55196
29871
36593
3890
74124
47691
53476
67890
79845
19709
44279
98462
99725
81755
20019
28691
92552
36121
10756
22256
11084
26873
63261
61457
42480
58925
69944
77445
7619
94698
71963
85135
11576
18475
90359
43414
57535
98911
8809
30121
85103
79504
19715
20147
31168
50705
2533
91574
91957
48483
62373
16327
28598
72740
96046
54854
37179
97716
27108
58073
91365
1125
51621
81572
59399
76351
83083
42119
10657
25102
45551
12947
86221
40777
2055
45066
61330
23231
24752
78930
46518
51871
70695
89654
93009
14532
45328
45818
35196
32155
25818
7096
78824
851
76218
19004
9548
24480
31955
89240
14934
79404
41784
52325
24866
15867
96968
52279
5064
14777
30712
96795
67952
61602
25582
90319
18688
39949
54505
47518
29270
21046
26430
58999
53906
74695
29918
27594
10635
23586
24851
19838
13217
20845
56905
57425
38098
48475
1417
35981
55558
33715
21824
66788
30501
39743
30879
46984
99145
7060
2972
33512
35726
18424
83221
37259
96805
30165
31733
73026
69096
87640
44558
18318
56392
40422
61990
66542
97890
88828
38895
24322
83984
68450
56302
61057
80571
89003
57790
27187
97486
95083
5325
59884
79622
41334
13603
49286
45222
11025
48866
88473
34760
2711
30153
74202
29741
13866
77875
81933
88052
84180
32669
58568
52457
65912
42693
53830
6645
71930
18894
20709
74964
69128
23775
63037
51748
27620
65579
32765
96409
34575
89547
68291
54093
74739
70184
54007
64405
55629
28181
4069
45935
10101
33720
51189
84023
33835
18409
89257
87416
15488
48659
40754
26463
67998
64536
34703
3180
67061
70546
97092
31490
7267
17171
89171
37982
15359
36781
76313
66948
83203
1934
79399
45300
15219
3044
55227
98780
1710
51294
98555
3975
90000
92019
84782
66643
71361
89307
41783
31808
36990
76091
18094
80612
18978
78526
15037
62588
7600
66047
84692
99421
31712
45604
96585
40201
74051
95812
76111
23388
5525
64552
51698
28326
86047
97551
80461
59507
55397
27084
37864
22790
98674
67914
60561
61316
66558
55216
41973
72173
42330
79360
42076
73765
62488
48377
79902
82736
20569
38268
82182
30237
94708
48235
89217
75961
87744
84141
71139
13092
31583
15535
35926
79073
96295
67973
52160
41382
3213
43629
43248
43924
99984
69204
21092
2368
89216
91442
96507
38288
87977
86353
72114
21057
17568
26795
25021
36645
93032
63185
37379
3114
21121
44584
58262
71253
31151
56333
21646
73006
53634
39866
88962
56629
39527
89440
99490
26482
47114
72276
13715
74634
14758
9766
73768
54670
10699
82380
78393
14541
93867
3454
12739
76201
28865
45915
45692
50471
42238
20201
53873
53344
53073
24281
16734
5013
12562
30216
20712
17151
63340
76577
66363
61124
38693
76001
18172
49990
14059
15955
24170
3157
39900
47737
29941
65733
71122
19276
78586
7674
9225
59354
74491
89087
19471
65455
9720
50614
53863
30031
6732
4938
5017
27103
61606
61857
24441
27107
61281
38829
10131
47810
92227
14913
11120
55782
63183
7393
35656
17279
4359
14162
96388
67815
86049
36464
33166
70944
72836
1983
13400
52314
19680
33113
42949
10960
90024
89861
30040
89138
95341
73833
72407
72254
1496
12822
6683
2791
835
10722
79223
5368
15124
26739
53539
39218
17431
98103
82372
79472
87383
98705
11961
53868
93977
54094
43908
83802
76054
565
37779
72434
28147
35260
50539
18987
90462
98679
59056
84099
48870
19692
6355
27451
44407
39554
3193
17599
90097
7896
81635
12483
45637
39218
9343
15945
99020
16653
13195
56256
52963
51924
93185
57414
17318
11147
17635
1357
85960
17833
836
8092
30092
94691
20273
79404
14020
51490
41339
49875
32259
9206
27137
69022
27361
14341
26942
81654
90603
49212
80236
35237
57027
49126
6484
20275
70587
59962
23412
89545
15626
38702
36747
31798
95849
63402
69508
8367
3757
62008
69724
87505
9857
86487
70257
47267
78303
51886
48330
27063
74667
79165
36349
51279
97195
76079
31361
75004
86631
46637
87473
50497
25945
14284
1016
66486
20977
96870
70431
32489
200
17126
92689
24446
52639
24829
95272
5623
45076
48753
78006
83919
92479
84789
80945
22497
96783
9588
86075
77318
10972
42855
83981
16570
78537
3942
7360
58624
7448
54459
89016
71996
86569
210
29166
64158
19057
86445
86392
21535
24595
30451
41655
83491
5565
15880
36252
55519
25122
20312
4695
57492
67023
35309
19294
19033
84748
24353
98807
91799
89490
33869
82147
49773
13571
72895
23814
22900
1546
2506
9623
55261
77456
32695
28224
33783
47352
46970
23314
15756
32056
7359
79753
96875
16660
81859
29911
33920
83897
11680
88240
29407
98354
26528
32754
88800
42122
77170
38734
49509
37920
96377
36791
60439
17504
77730
91750
81389
25507
15630
70024
46
61701
68718
67717
6254
30527
41069
58925
9109
43457
98439
17024
80189
92078
61687
93562
42618
50707
22189
42426
77684
83269
87615
69934
48655
14390
70838
60413
30636
94772
93354
80432
15112
30686
23560
4126
25890
38820
67887
3730
71034
55738
30522
57179
37237
48664
68471
75600
91837
145
46710
34046
78405
558
31134
20431
20939
94343
91577
72632
39798
9405
92464
5280
21918
52951
33905
45064
11050
89911
48108
89404
28981
3671
20925
60564
37962
6022
15940
10727
88143
10169
84497
93837
14046
13616
66074
55790
84077
99206
58031
69453
62031
97076
36420
88267
38676
16451
65581
23961
59339
73099
48041
98877
75368
72141
56213
18912
50369
79786
16386
42579
66226
77054
72640
70747
72480
46109
3609
55904
99259
10984
82010
32205
14332
79659
86284
15429
73262
84406
12065
94467
87049
34742
90378
79723
50905
64911
39685
90995
62045
82617
73940
26120
3211
90485
77321
79870
23026
37386
55261
80343
70263
52895
82816
58223
52833
84663
12330
38370
83472
33989
75856
27035
14599
72970
57843
3961
5738
32498
7410
4160
11811
83015
32895
53722
93183
34864
97071
18824
15893
46187
83819
81609
58311
55938
42884
65477
65441
65196
52643
16950
99390
37795
78142
56980
35593
7549
6695
73660
90881
87401
11775
39356
58678
69384
51207
91741
56624
11878
18071
63149
72656
82163
31239
98601
40238
67
18218
53508
50688
79742
22523
88662
71708
13572
60592
707
76724
17633
9899
65094
96577
99465
43312
76058
26171
19024
8304
41734
63076
61960
45059
78755
18340
54200
79829
90379
26031
39126
45431
91391
30275
15073
88854
71924
69582
18621
48137
94492
8588
81707
26499
96685
6477
76708
40169
86096
309
37779
89022
63111
37758
56076
33337
46076
55480
84909
12440
88515
17808
16751
83438
94699
33358
67080
13528
96070
67960
10561
54829
30354
14644
20015
659
39267
76747
93585
33966
54671
35657
90148
16308
38678
14113
57478
156
19532
98030
40037
87701
20549
48276
66019
19059
33276
63588
15689
14660
16191
33502
54661
16096
26
92849
10241
34079
17438
85694
88353
81412
99342
67867
30873
94647
81478
8691
46217
721
98697
92522
54870
12368
52037
89566
16421
92811
24229
70602
74039
58495
3731
69156
62940
45831
52359
17318
67317
8202
33105
41034
24234
19726
48895
81454
30757
20491
70059
52631
37545
50875
34757
53809
97554
97901
50648
28980
17290
68472
39387
20611
48101
23821
89238
8270
30778
58245
26127
81720
31071
63449
32944
37555
3328
87697
23959
16774
49243
50580
41402
47376
93883
32638
79508
4391
91054
79568
1553
96857
37733
59328
83506
6036
3273
11537
64509
79937
21652
94430
10724
35402
3539
24464
79824
10780
77014
56079
22793
86952
37712
55509
97797
80772
61490
42654
6124
40911
22975
87068
46756
92177
81131
79943
3293
21536
77877
41201
2298
93055
63838
79095
35098
35841
57636
18867
53667
37259
92768
72686
77995
44696
73176
31188
82082
10774
88130
45504
5151
8013
68727
26742
20997
82304
90607
20015
47057
9900
67166
14735
86371
26221
49962
83890
17287
42880
97384
9317
3455
65443
53811
82226
34734
79193
86216
60947
56132
13322
28960
15207
84993
15718
62315
98946
33608
45738
91077
63902
26242
92571
37880
46992
42763
99856
44750
22806
38397
12940
56785
48012
79606
93192
33410
97309
99913
13839
6738
4727
13119
16067
51647
99831
13031
45918
84238
45251
77761
90899
34850
79383
9347
70034
64247
45239
97734
6986
79262
50372
17456
69608
64725
99210
3038
59518
83777
7733
12846
13920
51147
69731
89255
43431
97012
10773
46757
36984
64310
61631
67429
85215
51097
52095
64905
6836
78191
59274
18696
24384
55213
93826
37749
54073
66758
16900
78122
66601
48677
42813
19570
29709
27334
24509
80368
47513
53362
62179
72847
90201
16054
76056
40102
74706
33471
58392
42503
86470
6388
62219
34661
49655
50255
71731
43200
55715
61977
86717
76911
46861
56161
4697
35976
69660
15673
98279
74318
68573
4590
6119
48824
37956
4258
59379
30618
66704
80647
81993
31795
49004
21529
34655
5074
69617
18873
95611
4485
4297
98658
10427
34559
96782
15018
71086
98213
86993
35127
70854
68118
30423
41019
68837
40085
99166
93165
49684
32756
1181
75013
50803
26847
85993
16916
79434
98977
69108
75998
25342
18711
7727
83093
20064
65072
88496
89459
3519
50973
32847
99827
45917
70075
49035
29549
78975
41273
16586
95117
26270
30056
68861
97934
86715
3071
81665
73240
58064
60936
40258
8946
23905
64363
38842
79910
49
55540
46232
77521
6832
23043
39195
11715
18674
4881
43357
93721
47835
76666
77581
16180
48055
96171
34292
66805
26534
15848
44089
68824
72244
34458
97601
8554
33191
55220
45742
62057
57201
97057
2408
87831
61478
93580
33721
10937
59559
16300
73809
87666
29021
17609
426
2231
41601
33615
40294
57743
3031
28078
68149
297
68859
86635
26355
24858
14580
67783
13038
48497
82374
26826
67653
16313
39716
7276
20939
45963
72193
41984
52171
30924
40807
78973
24198
65674
86273
98410
50072
33711
80787
92133
55800
24704
39177
45008
87486
27509
45165
65784
50431
44404
58098
76132
80467
37612
31150
33078
89624
48619
89412
53185
95503
84316
88031
50888
95012
96257
32667
93934
3404
9225
86748
28032
48007
34063
57858
15515
55940
90735
95093
16443
93828
85412
41498
93025
72694
51171
97416
40992
92130
48974
88820
82948
98625
90454
97640
23967
70313
83344
83570
3505
26855
2258
62872
90612
99493
14891
1706
79970
32011
64796
76912
1923
52033
31543
46050
70870
78163
87314
38103
84059
31789
11496
64660
66363
70758
35181
66342
51701
23289
93355
44683
92166
27245
40957
62539
63732
83415
91112
37156
43799
85878
57521
25090
8069
84220
36255
62126
22680
75372
18926
22301
67614
69374
23629
55690
38492
23424
26485
9342
71743
16279
71238
68682
43426
86307
73919
83511
45365
51424
86522
74933
75888
75272
84098
368
91988
37430
77745
76385
39290
7942
18667
9377
74650
90457
11313
40056
62586
53332
59746
86579
80721
1351
82644
85395
87223
5899
82443
81154
92427
11077
66868
93441
576
96327
26945
71453
55845
65814
18210
82784
29808
69926
68955
88196
76582
26433
86791
89954
46793
80294
98569
44521
53471
11886
63787
59914
42715
56299
18358
1839
89194
22153
56204
25548
99996
58486
98437
39790
54220
60830
74404
72303
78606
3470
3029
56524
18356
81722
39717
11534
23870
76347
29374
71940
13916
32272
75518
4114
35936
5861
72755
43779
60997
95857
30965
66937
33974
90713
79103
74373
40380
12242
32523
67122
15400
95940
47818
636
70713
18409
46077
57150
70315
19093
27796
87593
15773
52944
3456
46928
15932
39295
4886
39936
91377
96576
2786
82445
84739
22708
91397
55048
76939
61847
90733
49869
74835
87498
63312
47800
24105
98002
20421
90167
24998
3545
68031
72699
45973
9203
7622
43560
31298
20827
36564
1068
20993
75451
80937
97484
39320
32011
69067
80570
87306
8112
80605
49891
45249
94502
20219
4517
695
42264
49423
76829
41537
90764
25747
86270
50489
1596
3652
76158
1414
49759
37536
80842
15402
95814
9020
54746
45800
29633
74659
28544
71536
50722
48911
64857
94376
28890
4925
33030
24376
22240
70641
8660
43954
53360
7589
61719
66525
1968
28111
77077
66333
26317
12846
2975
47296
4900
44816
92475
89031
82652
14532
51196
95663
20625
51030
50067
571
47852
46413
11711
74272
66349
1789
2879
99724
21323
59785
15241
46292
8370
66201
76307
65945
40715
28339
39374
82198
93657
30745
84242
74793
71551
1983
6676
12731
49984
39304
28629
59086
17726
70460
72084
28962
60196
11432
18884
25028
91999
32274
86424
52563
49159
79926
36890
46864
92635
21794
5019
44033
92138
9355
51236
17058
84526
17898
71467
22730
93043
44759
5826
14005
24534
26752
65002
48915
67336
23846
85445
80364
74994
74772
61704
94862
7026
2428
18287
47637
15683
72336
1962
86037
83803
96730
86997
82759
17613
19513
28582
82446
72431
4728
96799
61445
64151
77869
70756
11270
27294
1771
25734
27289
15686
6596
73438
53784
88440
12638
58549
62620
32262
84400
94528
88709
69871
15386
21961
90602
73409
44799
47560
70587
41784
2080
65969
96656
80996
71861
91174
66481
52521
94154
76717
26464
88257
81941
18301
33382
80316
76112
82546
35129
13415
48215
55648
48647
89066
68735
98563
16449
204
52400
93077
68231
55569
30209
75993
16044
33539
623
49173
34726
40974
43545
8252
64116
34629
96219
53193
28716
72227
2661
83720
60064
52748
98488
71438
45356
3762
76924
18857
3679
98899
20705
9009
96420
8063
4240
48478
14028
79383
5356
6772
20409
69393
96843
18329
52521
72920
22443
57639
92541
11120
99091
44476
52293
28952
84199
4334
95179
55976
85063
90109
29176
84794
15173
29217
99910
12229
1761
87042
65636
50692
82306
19495
17375
16661
88275
28006
93491
15325
5016
24633
84462
7112
9804
64690
88029
47823
121
98117
36022
24371
85650
88196
74304
66213
51280
98376
24547
96808
93159
90122
71240
14606
90309
13010
48556
4350
25735
87079
30343
42935
32631
34341
64499
6383
16037
98029
46555
23829
82273
5014
15553
85684
93267
55457
53388
30840
40183
86826
55245
25067
72568
15450
7148
95064
22120
63450
98228
16401
18521
10274
48407
55404
52219
39887
23839
95016
39314
90738
94131
41165
14163
23877
10210
42578
53596
98106
61646
63352
62701
97228
63960
2835
78407
30486
32677
8552
93919
10658
93162
17746
39262
76985
29433
75647
80248
52345
41767
41016
90952
84838
80825
70717
95076
25847
47659
21326
86466
85393
80636
38055
11559
99825
71097
55363
12647
81826
90501
14081
33183
49966
60034
37604
29130
43313
70879
82228
85891
39721
77886
63490
5656
1770
14113
1096
73864
25679
41840
72399
77689
15627
88681
77418
11000
8573
29476
75232
622
85153
79842
9799
2971
34882
49970
33484
53585
33998
93695
62191
89776
55939
43354
7306
35641
59653
63647
89106
6418
73265
49702
71703
10581
47467
43273
65478
86421
2228
25517
10157
65902
83224
86447
58302
69863
7363
4748
87149
83175
99476
47692
73331
18257
32873
91053
81397
69086
38266
91848
44415
80534
39874
7809
41066
56970
36439
68464
14557
64209
6427
33799
1711
96668
40747
23776
96938
30328
11956
55557
32235
59456
30822
89051
96102
87741
40769
13707
98759
19803
59404
99310
99059
66344
42820
56053
22221
93420
16593
67059
84980
19712
15061
23431
63946
76204
39997
92617
87503
93313
13626
99888
61004
85968
61833
20830
44011
13701
56974
64713
81987
59491
14976
10503
92914
81309
30269
41237
835
97071
87390
17668
7152
55415
27366
34145
14817
53939
756
88383
54705
90455
70519
76386
99217
55275
43457
23851
80006
33407
70356
21499
52270
23084
61402
10758
80480
48073
55409
58710
67697
26438
63970
63865
42163
78185
38770
53256
80216
84386
11666
43188
80372
7917
43121
81359
9217
31876
87122
83284
42299
49566
63224
84181
36747
3848
29053
88959
802
68767
43458
88332
80891
71143
81697
41028
75587
55786
80158
15185
67156
68272
89692
13726
84540
45848
56460
21610
10173
5777
16895
71023
90638
91447
27037
34986
73791
7117
77870
80583
86938
57587
64406
72266
81476
17412
47742
91515
86274
39759
47373
98063
25913
98032
34646
40400
98766
1355
84234
39753
42892
20164
5006
27535
63907
62333
88327
34863
69357
8237
90034
1968
3981
36985
84112
34277
59217
82514
79646
70354
44566
67564
59011
28439
30378
89142
91683
48478
38892
91674
67761
41245
37328
562
67137
12073
76414
4453
53946
62615
87738
89277
37739
32112
44863
97798
1013
6256
6405
32262
58213
21019
38337
14739
22693
50365
2091
62997
79944
89692
6523
39226
58724
30397
22765
76335
57437
19663
70788
82946
13691
40279
22314
43473
22621
87577
54708
70158
46727
50977
54436
32850
51031
74443
28457
40794
13270
17045
12226
35747
43625
76798
89951
76734
78503
62555
91656
20016
56005
51990
96983
21896
98733
35619
39072
91133
57582
12225
60145
5508
23212
4649
82132
22251
66680
38231
62897
21589
41274
81458
65616
89490
67306
38457
8253
81530
83071
21611
89764
44391
90687
87763
80604
75756
11893
1807
61760
1653
52960
90875
47288
40476
83687
66655
23158
61221
28619
5330
73084
57207
2485
27785
11804
67672
17487
19903
89431
97219
15535
48291
23494
2952
84045
5081
64503
83649
46421
25038
49935
37677
47000
30620
42798
20907
86589
60021
61553
23988
30709
3855
27024
82676
15852
81677
36231
50951
13787
36646
42674
877
95067
10101
64594
64457
50996
70588
94412
13788
96755
94869
18641
58200
36890
96886
10904
73156
9649
71776
60934
68556
96058
33669
66544
5121
91586
63219
63992
42804
6228
39361
46419
24906
7943
89365
4747
54365
72568
752
39488
37936
21298
47895
30857
45708
39625
51743
69848
68251
67815
96755
63580
44800
66558
78693
32128
9169
24092
36975
41840
1011
71484
17348
30524
73489
22392
27385
69173
25112
2076
617
44309
61393
29879
1449
2651
53883
88043
65193
91603
35205
95075
95875
90485
33126
97636
36804
6468
39737
29532
51892
85590
78872
11447
11300
43443
10035
70961
55858
20374
22189
32966
62108
13904
84916
10660
76991
11916
66779
22082
8586
70062
83541
93642
74212
45877
4560
63569
9111
80191
36716
8232
45591
34700
63255
19819
31923
26074
57478
3862
66199
33455
15538
97176
23451
79286
56748
45247
13516
36160
78558
64275
39253
56139
74976
14335
38954
37185
27764
37193
92336
18071
63390
86307
24044
43318
4131
38426
38823
74391
18622
13612
82458
77958
94041
41527
2620
32489
3758
77708
37957
95770
99161
90466
85502
28656
2425
22566
79048
1340
30180
31120
45061
63759
52164
96594
52806
43929
91890
77801
39698
39564
74733
63350
92272
75039
36023
3814
75538
21998
36333
12045
7358
24447
47840
37586
4602
81184
20053
28228
6483
77355
24341
44170
8009
95947
13201
7991
58235
10969
93431
94780
35338
35103
24330
49976
59405
22781
34048
97739
79249
52266
1565
74280
60874
63346
39911
21128
41115
95614
47943
82939
53854
5362
37371
3898
98192
73999
23898
26808
7548
68121
17797
3543
17634
30546
80070
7446
14436
49701
8296
83080
94445
78207
8307
37568
39774
15096
61378
38728
7287
64400
58627
8497
82622
53684
54698
97989
73455
65823
66802
60984
47936
77341
42482
90845
95151
35819
73143
12181
43402
38266
39651
75522
49179
36499
84162
62874
70094
19636
4069
1686
16609
83160
74718
61866
47655
86837
85206
83503
87224
99807
82958
92796
40857
53322
51024
15636
8195
55789
68593
24856
87283
21889
44197
9021
54765
86312
69759
86328
29645
93707
86756
52598
53900
41020
44619
62184
7052
65338
89651
70524
48257
66291
86272
28903
89979
77924
31284
63806
67668
17243
710
70787
23090
4766
16482
7004
79225
39684
14141
38496
59440
6624
36787
94571
65871
15903
33118
19729
70018
903
81461
65423
3292
26751
13439
93469
97020
74638
86898
1791
87188
53499
4909
23995
72156
38835
81486
36933
36562
1322
89200
41141
45003
85112
10533
37371
20891
51205
88172
63369
90013
43455
23503
39470
22815
19687
284
14978
60270
46541
89278
70845
69817
72112
53303
75139
90020
39943
62524
73690
95340
61565
21581
74268
23857
7255
56112
24327
72901
35537
71625
86322
65136
90823
29943
6107
13501
10704
93677
37883
19269
41572
81164
80154
4406
83998
19482
92447
83519
26524
94338
80928
70395
2563
29160
82296
11959
7264
96678
94422
63714
82089
18951
37586
63664
30242
47711
74522
13643
88348
6214
48075
42166
36023
66000
87804
85727
33896
46986
62739
27713
15734
1170
17595
17491
88415
87571
3341
60081
2071
90588
52171
23781
60112
59164
33548
58705
69845
94013
77297
84443
36848
41050
52118
73685
21452
99806
708
58697
88468
46970
9092
89886
7514
3682
60526
13001
86772
56036
37631
25362
30625
79430
12937
33377
44266
18460
49860
55302
65475
40739
8930
66051
70960
75869
25025
94966
13573
89001
60505
37318
25733
32286
74133
57161
9740
56260
72350
16399
39816
80399
88083
40111
29474
63864
19573
47661
14203
45658
47967
57476
24913
34790
22099
62165
49601
31460
75311
9420
50118
68711
32062
96780
53215
15339
10794
85655
69551
29517
16271
17787
66686
71815
72716
64956
6589
79910
16243
29306
88359
57866
65536
64191
89186
34490
32902
42215
33349
84962
27652
7756
39604
25386
77942
42157
40006
9652
73288
85947
43880
10609
16165
6592
84474
97248
27470
86412
535
23172
80999
65149
28114
75233
43435
36074
73051
83795
85727
2924
4385
35019
42948
8074
946
47079
2790
64735
28478
58733
48242
66570
92506
26724
65444
19634
73248
12911
64510
17044
35987
40806
95412
72171
56032
23090
80132
92954
35392
64229
25220
31096
30298
26068
37748
42425
53989
99795
16370
9525
78155
70539
53356
77336
28553
55578
95695
79557
12468
74919
68094
54504
52021
84000
91199
71126
11765
74130
42768
96611
39604
72036
97047
44032
23026
59121
73783
2094
51824
53504
15581
46756
1809
97473
92570
77976
42459
77319
61388
28974
77786
41948
66068
46939
22979
50213
99308
65876
5685
76212
3762
66232
45787
73060
2941
45622
10862
45332
79569
78396
13080
95875
87021
5502
6676
20100
29697
24863
61361
26014
2588
54975
25589
56995
69732
31746
3038
14859
61535
6712
44772
36556
99502
62734
91034
79064
88314
94672
69107
11476
94950
31385
28705
97552
61220
93049
89528
9095
16676
81153
5874
53621
5510
76654
70635
4784
23920
62448
16205
87332
59068
28566
37990
6031
83753
20248
3413
72854
45778
56193
82019
15490
11227
32055
85070
48795
71079
25447
4161
76447
40295
63250
43903
73406
6477
53806
35071
46389
58174
45402
98929
58374
38150
2147
73919
38064
19494
48364
20399
85648
55016
30333
96132
15828
87059
21770
65348
64024
25498
82174
51924
35711
43662
8805
76447
34095
64788
13363
41494
13161
15410
79092
73681
18947
52674
80081
96115
98596
30889
63291
71820
90556
54913
47928
23097
47101
7122
